北京海贝思科技有限公司,http:////www.11467.com/beijing/co/326962.htm
北京海贝思科技有限公司的商铺,http://beijing0326962.11467.com
廊坊市北辰创业树脂材料股份有限公司,http:////www.11467.com/langfang/co/31983.htm
东莞市邦联新材料科技有限公司,http:////www.11467.com/dongguan/co/639771.htm
东莞市邦联新材料科技有限公司的商铺,http://dongguan0639771.11467.com
济南博纳生物技术有限公司,http:////www.11467.com/jinan/co/136753.htm
济南博纳生物技术有限公司的商铺,http://jinan0136753.11467.com
深圳市恒生瑞科技有限公司,http:////www.11467.com/shenzhen/co/726572.htm
深圳市恒生瑞科技有限公司的商铺,http://shenzhen0726572.11467.com
东莞市海亚印花材料有限公司,http:////www.11467.com/dongguan/co/378239.htm
东莞市海亚印花材料有限公司的商铺,http://dongguan0378239.11467.com
广西浙创化工有限公司,http:////www.11467.com/nanning/co/89836.htm
广西浙创化工有限公司的商铺,http://nanning089836.11467.com
达森（天津）材料科技有限公司,http:////www.11467.com/tianjin/co/237405.htm
达森（天津）材料科技有限公司的商铺,http://tianjin0237405.11467.com
珠海市铭洋化工有限公司,http:////www.11467.com/zhuhai/co/86538.htm
珠海市铭洋化工有限公司的商铺,http://zhuhai086538.11467.com
北京华豫清源国际贸易有限公司,http:////www.11467.com/beijing/co/331053.htm
北京华豫清源国际贸易有限公司的商铺,http://beijing0331053.11467.com
创远地坪漆工程有限公司,http:////www.11467.com/guangzhou/co/428403.htm
创远地坪漆工程有限公司的商铺,http://guangzhou0428403.11467.com
东莞聚力胶粘制品有限公司,http:////www.11467.com/dongguan/co/409722.htm
东莞聚力胶粘制品有限公司的商铺,http://dongguan0409722.11467.com
大庆合正化工有限公司,http:////www.11467.com/daqing/co/41964.htm
大庆合正化工有限公司的商铺,http://daqing041964.11467.com
达州市家美建材厂,http:////www.11467.com/dazhou/co/17648.htm
达州市家美建材厂的商铺,http://dazhou017648.11467.com
深圳市中村电子材料有限公司,http:////www.11467.com/shenzhen/co/58976.htm
深圳市中村电子材料有限公司的商铺,http://shenzhen058976.11467.com
深圳市鑫威电子材料有限公司销售部,http:////www.11467.com/shenzhen/co/241772.htm
深圳市鑫威电子材料有限公司销售部的商铺,http://shenzhen0241772.11467.com
东营新丰化工有限公司,http:////www.11467.com/dongying/co/31208.htm
东营新丰化工有限公司的商铺,http://dongying031208.11467.com
石家庄市盛世中天科技有限公司,http:////www.11467.com/baoding/co/61936.htm
石家庄市盛世中天科技有限公司的商铺,http://baoding061936.11467.com
浙江荣泰科技企业有限公司,http:////www.11467.com/jiaxing/co/90224.htm
浙江荣泰科技企业有限公司的商铺,http://jiaxing090224.11467.com
临沂鑫岩化工有限公司,http:////www.11467.com/linyi/co/71967.htm
临沂鑫岩化工有限公司的商铺,http://linyi071967.11467.com
泰州市茂尧聚氨酯塑料制品厂,http:////www.11467.com/taizhoushi/co/33752.htm
泰州市茂尧聚氨酯塑料制品厂的商铺,http://taizhoushi033752.11467.com
唐山科润化工产品有限公司,http:////www.11467.com/tangshan/co/60829.htm
唐山科润化工产品有限公司的商铺,http://tangshan060829.11467.com
新乡神马正华化工有限公司,http:////www.11467.com/xinxiang/co/25733.htm
新乡神马正华化工有限公司的商铺,http://xinxiang025733.11467.com
烟台天贵环保材料有限公司,http:////www.11467.com/yantai/co/131357.htm
烟台天贵环保材料有限公司的商铺,http://yantai0131357.11467.com
深圳市通莱材料科技有限公司,http:////www.11467.com/shenzhen/co/1003923.htm
深圳市通莱材料科技有限公司的商铺,http://shenzhen01003923.11467.com
辽阳市星火聚氨酯有限公司,http:////www.11467.com/liaoyang/co/22379.htm
辽阳市星火聚氨酯有限公司的商铺,http://liaoyang022379.11467.com
广州艾镁科高分子材料有限公司,http:////www.11467.com/guangzhou/co/432630.htm
广州艾镁科高分子材料有限公司的商铺,http://guangzhou0432630.11467.com
马鞍山采石矶涂料有限公司,http:////www.11467.com/maanshan/co/20991.htm
马鞍山采石矶涂料有限公司的商铺,http://maanshan020991.11467.com
天龙玻璃钢材料有限公司,http:////www.11467.com/zhengzhou/co/140152.htm
天龙玻璃钢材料有限公司的商铺,http://zhengzhou0140152.11467.com
武汉径河化工有限公司,http:////www.11467.com/wuhan/co/107759.htm
武汉径河化工有限公司的商铺,http://wuhan0107759.11467.com
上海方吉塑粉材料厂有限公司,http:////www.11467.com/shnanhui/co/37530.htm
上海方吉塑粉材料厂有限公司的商铺,http://shnanhui037530.11467.com
保定市发达印刷机械经营有限公司,http:////www.11467.com/baoding/co/59739.htm
保定市发达印刷机械经营有限公司的商铺,http://baoding059739.11467.com
哈尔滨雪佳氟硅化学有限公司,http:////www.11467.com/haerbin/co/58742.htm
哈尔滨雪佳氟硅化学有限公司的商铺,http://haerbin058742.11467.com
东莞市固得胶粘剂有限公司,http:////www.11467.com/dongguan/co/216555.htm
东莞市固得胶粘剂有限公司的商铺,http://dongguan0216555.11467.com
临沂批发城宏翀化工经销部,http:////www.11467.com/linyi/co/71939.htm
临沂批发城宏翀化工经销部的商铺,http://linyi071939.11467.com
厦门威亮光学涂层技术有限公司,http:////www.11467.com/xiamen/co/76875.htm
厦门威亮光学涂层技术有限公司的商铺,http://xiamen076875.11467.com
武汉市东西湖金洋化工经营部,http:////www.11467.com/wuhan/co/107760.htm
武汉市东西湖金洋化工经营部的商铺,http://wuhan0107760.11467.com
衡水美泰橡胶化工贸易有限公司,http:////www.11467.com/hengshui/co/24605.htm
衡水美泰橡胶化工贸易有限公司的商铺,http://hengshui024605.11467.com
深圳市国联胶粘剂有限公司,http:////www.11467.com/shenzhen/co/260469.htm
深圳市国联胶粘剂有限公司的商铺,http://shenzhen0260469.11467.com
安徽好德精细化工厂,http:////www.11467.com/huainan/co/16548.htm
安徽好德精细化工厂的商铺,http://huainan016548.11467.com
烟台天诚聚氨酯有限公司,http:////www.11467.com/yantai/co/119509.htm
烟台天诚聚氨酯有限公司的商铺,http://yantai0119509.11467.com
武汉仕全兴聚氨酯科技股份有限公司,http:////www.11467.com/wuhan/co/155253.htm
武汉仕全兴聚氨酯科技股份有限公司的商铺,http://wuhan0155253.11467.com
江苏田森宝电子科技有限公司,http:////www.11467.com/shuozhou/co/11798.htm
江苏田森宝电子科技有限公司的商铺,http://shuozhou011798.11467.com
华东理工大学华昌聚合物有限公司,http:////www.11467.com/shanghai/co/920609.htm
华东理工大学华昌聚合物有限公司的商铺,http://shanghai0920609.11467.com
广东豪得丽化工有限公司,http:////www.11467.com/jieyang/co/26736.htm
广东豪得丽化工有限公司的商铺,http://jieyang026736.11467.com
廊坊百利特保温建材有限公司,http:////www.11467.com/langfang/co/41398.htm
廊坊百利特保温建材有限公司的商铺,http://langfang041398.11467.com
秦皇岛耀华玻璃钢股份公司,http:////www.11467.com/qinhuangdao/co/35438.htm
秦皇岛耀华玻璃钢股份公司的商铺,http://qinhuangdao035438.11467.com
江苏天仁生物材料有限公司,http:////www.11467.com/zhenjiang/co/54072.htm
江苏天仁生物材料有限公司的商铺,http://zhenjiang054072.11467.com
天津诺步化工贸易有限公司,http:////www.11467.com/tianjin/co/91936.htm
天津诺步化工贸易有限公司的商铺,http://tianjin091936.11467.com
临沂市金亿丰胶业有限公司,http:////www.11467.com/linyi/co/106964.htm
临沂市金亿丰胶业有限公司的商铺,http://linyi0106964.11467.com
济南远眺醛酮树脂有限公司,http:////www.11467.com/jinan/co/132107.htm
济南远眺醛酮树脂有限公司的商铺,http://jinan0132107.11467.com
宁津县宏翔聚氨酯制品有限公司,http:////www.11467.com/dezhou/co/39086.htm
宁津县宏翔聚氨酯制品有限公司的商铺,http://dezhou039086.11467.com
东莞金坤复合材料有限公司,http:////www.11467.com/dongguan/co/501123.htm
东莞金坤复合材料有限公司的商铺,http://dongguan0501123.11467.com
阜阳市创亿油脂有限公司,http:////www.11467.com/fuyang/co/30030.htm
广州市南进丰玻璃钢材料有限公司,http:////www.11467.com/guangzhou/co/399874.htm
东莞市华翰绝缘材料有限公司,http:////www.11467.com/dongguan/co/491030.htm
东莞市华翰绝缘材料有限公司的商铺,http://dongguan0491030.11467.com
广州鑫厚化工科技有限公司,http:////www.11467.com/guangzhou/co/434121.htm
广州鑫厚化工科技有限公司的商铺,http://guangzhou0434121.11467.com
河南驰奥商贸有限公司,http:////www.11467.com/zhengzhou/co/170449.htm
河南驰奥商贸有限公司的商铺,http://zhengzhou0170449.11467.com
东莞市荣浩地板有限公司,http:////www.11467.com/dongguan/co/375049.htm
东莞市荣浩地板有限公司的商铺,http://dongguan0375049.11467.com
大城县宏升机械厂,http:////www.11467.com/langfang/co/36008.htm
大城县宏升机械厂的商铺,http://langfang036008.11467.com
万里化工回收有限公司,http:////www.11467.com/handan/co/55091.htm
万里化工回收有限公司的商铺,http://handan055091.11467.com
山东德州普乐化工有限公司,http:////www.11467.com/dezhou/co/59955.htm
山东德州普乐化工有限公司的商铺,http://dezhou059955.11467.com
惠州市海洋复合材料有限公司,http:////www.11467.com/huizhou/co/79115.htm
惠州市海洋复合材料有限公司的商铺,http://huizhou079115.11467.com
昆明市官渡区凯盛建材经营部,http:////www.11467.com/kunming/co/117905.htm
昆明市官渡区凯盛建材经营部的商铺,http://kunming0117905.11467.com
深圳市九彩实业有限责任公司,http:////www.11467.com/shenzhen/co/66021.htm
深圳市九彩实业有限责任公司的商铺,http://shenzhen066021.11467.com
衡水春振玻璃钢制品有限公司,http:////www.11467.com/hengshui/co/24618.htm
衡水春振玻璃钢制品有限公司的商铺,http://hengshui024618.11467.com
大同市南郊区华兴保温防水材料经销部,http:////www.11467.com/datong/co/14895.htm
大同市南郊区华兴保温防水材料经销部的商铺,http://datong014895.11467.com
成都市新森蓉复合材料有限公司,http:////www.11467.com/chengdu/co/130839.htm
成都市新森蓉复合材料有限公司的商铺,http://chengdu0130839.11467.com
安庆市虹宇化工有限责任公司,http:////www.11467.com/anqing/co/24049.htm
安庆市虹宇化工有限责任公司的商铺,http://anqing024049.11467.com
廊坊华伟化工建材有限公司,http:////www.11467.com/langfang/co/34480.htm
廊坊华伟化工建材有限公司的商铺,http://langfang034480.11467.com
惠州市惠城区美日太阳涂料厂,http:////www.11467.com/huizhou/co/79128.htm
惠州市惠城区美日太阳涂料厂的商铺,http://huizhou079128.11467.com
惠州市宏飞化工产品有限公司,http:////www.11467.com/huizhou/co/79122.htm
惠州市宏飞化工产品有限公司的商铺,http://huizhou079122.11467.com
江门市蓬江区杜阮锦发化工厂,http:////www.11467.com/jiangmen/co/99910.htm
江门市蓬江区杜阮锦发化工厂的商铺,http://jiangmen099910.11467.com
惠州市惠阳区秋长金力达粘合剂经营部,http:////www.11467.com/huizhou/co/78714.htm
惠州市惠阳区秋长金力达粘合剂经营部的商铺,http://huizhou078714.11467.com
东莞市宏乐化工有限公司,http:////www.11467.com/huizhou/co/79117.htm
东莞市宏乐化工有限公司的商铺,http://huizhou079117.11467.com
广州市鑫英化工科技有限公司,http:////www.11467.com/guangzhou/co/477645.htm
广州市鑫英化工科技有限公司的商铺,http://guangzhou0477645.11467.com
成都乐天塑料有限公司,http:////www.11467.com/chengdu/co/130836.htm
成都乐天塑料有限公司的商铺,http://chengdu0130836.11467.com
合肥华越新材料科技有限公司,http:////www.11467.com/hefei/co/131437.htm
合肥华越新材料科技有限公司的商铺,http://hefei0131437.11467.com
四川强劲化工有限责任公司,http:////www.11467.com/chengdu/co/132373.htm
四川强劲化工有限责任公司的商铺,http://chengdu0132373.11467.com
武强县聚氨酯浮子制造厂,http:////www.11467.com/hengshui/co/24603.htm
武强县聚氨酯浮子制造厂的商铺,http://hengshui024603.11467.com
惠州市诺泰电子有限公司,http:////www.11467.com/huizhou/co/98080.htm
惠州市诺泰电子有限公司的商铺,http://huizhou098080.11467.com
大同市南郊区如意鞋料加工厂,http:////www.11467.com/datong/co/15516.htm
大同市南郊区如意鞋料加工厂的商铺,http://datong015516.11467.com
安品源科技（东莞）有限公司,http:////www.11467.com/dongguan/co/414920.htm
安品源科技（东莞）有限公司的商铺,http://dongguan0414920.11467.com
嘉兴市南湖区东栅华飞合成材料厂,http:////www.11467.com/jiaxing/co/90222.htm
嘉兴市南湖区东栅华飞合成材料厂的商铺,http://jiaxing090222.11467.com
九江三辰实业有限公司,http:////www.11467.com/jiujiang/co/21125.htm
九江三辰实业有限公司的商铺,http://jiujiang021125.11467.com
四川蜀变变压器有限公司,http:////www.11467.com/chengdu/co/211842.htm
四川蜀变变压器有限公司的商铺,http://chengdu0211842.11467.com
故城县华洋橡塑制品有限公司,http:////www.11467.com/hengshui/co/42851.htm
故城县华洋橡塑制品有限公司的商铺,http://hengshui042851.11467.com
故城县裕丰轴瓦有限公司,http:////www.11467.com/hengshui/co/42835.htm
故城县裕丰轴瓦有限公司的商铺,http://hengshui042835.11467.com
正和集团股份有限公司,http:////www.11467.com/dongying/co/46656.htm
正和集团股份有限公司的商铺,http://dongying046656.11467.com
昆明市五华区裕仁玻璃纤维经营部,http:////www.11467.com/kunming/co/117908.htm
昆明市五华区裕仁玻璃纤维经营部的商铺,http://kunming0117908.11467.com
成都市固德防腐材料有限公司,http:////www.11467.com/chengdu/co/130857.htm
成都市固德防腐材料有限公司的商铺,http://chengdu0130857.11467.com
天津津达正源节能环保科技有限公司,http:////www.11467.com/tianjin/co/110188.htm
天津津达正源节能环保科技有限公司的商铺,http://tianjin0110188.11467.com
东莞市锐创有机玻璃有限公司,http:////www.11467.com/dongguan/co/414517.htm
东莞市锐创有机玻璃有限公司的商铺,http://dongguan0414517.11467.com
东莞市卓翼实业有限公司,http:////www.11467.com/dongguan/co/413998.htm
东莞市卓翼实业有限公司的商铺,http://dongguan0413998.11467.com
广州拜尔冷链聚氨酯科技有限公司,http:////www.11467.com/guangzhou/co/220584.htm
广州拜尔冷链聚氨酯科技有限公司的商铺,http://guangzhou0220584.11467.com
蚌埠东立化工有限公司,http:////www.11467.com/bengbu/co/35742.htm
蚌埠东立化工有限公司的商铺,http://bengbu035742.11467.com
成都新特化工有限公司,http:////www.11467.com/chengdu/co/130850.htm
成都新特化工有限公司的商铺,http://chengdu0130850.11467.com
大城县东马村立和保温材料销售部,http:////www.11467.com/langfang/co/53449.htm
大城县东马村立和保温材料销售部的商铺,http://langfang053449.11467.com
开封市雨禾化工有限公司,http:////www.11467.com/kaifeng/co/16435.htm
开封市雨禾化工有限公司的商铺,http://kaifeng016435.11467.com
吉林吉诺树脂科技有限公司,http:////www.11467.com/jilinshi/co/96476.htm
吉林吉诺树脂科技有限公司的商铺,http://jilinshi096476.11467.com
江门市三木化工有限公司,http:////www.11467.com/shantou/co/141688.htm
江门市三木化工有限公司的商铺,http://shantou0141688.11467.com
扬州嘉惠化工有限公司,http:////www.11467.com/yangzhou/co/88073.htm
扬州嘉惠化工有限公司的商铺,http://yangzhou088073.11467.com
新余市楠德新材料有限公司,http:////www.11467.com/xinyu/co/6387.htm
新余市楠德新材料有限公司的商铺,http://xinyu06387.11467.com
南昌誉坤实业有限公司,http:////www.11467.com/nanchang/co/97797.htm
南昌誉坤实业有限公司的商铺,http://nanchang097797.11467.com
山东圣马生物科技有限公司,http:////www.11467.com/zaozhuang/co/36833.htm
山东圣马生物科技有限公司的商铺,http://zaozhuang036833.11467.com
武汉华连贸易有限公司,http:////www.11467.com/wuhan/co/107795.htm
武汉华连贸易有限公司的商铺,http://wuhan0107795.11467.com
厦门益展防腐工程有限公司,http:////www.11467.com/xiamen/co/76916.htm
厦门益展防腐工程有限公司的商铺,http://xiamen076916.11467.com
运城市宇泽工贸有限公司,http:////www.11467.com/yuncheng/co/25779.htm
运城市宇泽工贸有限公司的商铺,http://yuncheng025779.11467.com
咸阳荣盛电子材料有限公司,http:////www.11467.com/xianyang/co/21477.htm
咸阳荣盛电子材料有限公司的商铺,http://xianyang021477.11467.com
郑州市顺利化工有限公司,http:////www.11467.com/zhengzhou/co/140145.htm
郑州市顺利化工有限公司的商铺,http://zhengzhou0140145.11467.com
郑州吉麟工贸有限公司,http:////www.11467.com/zhengzhou/co/139965.htm
郑州吉麟工贸有限公司的商铺,http://zhengzhou0139965.11467.com
江西岳峰高分子材料有限公司,http:////www.11467.com/pingxiang/co/12911.htm
江西岳峰高分子材料有限公司的商铺,http://pingxiang012911.11467.com
南宁力墩建材有限公司,http:////www.11467.com/nanning/co/75464.htm
南宁力墩建材有限公司的商铺,http://nanning075464.11467.com
南通亿天化工有限公司,http:////www.11467.com/nantong/co/111156.htm
南通亿天化工有限公司的商铺,http://nantong0111156.11467.com
南通嘉瑞密封材料有限公司,http:////www.11467.com/nantong/co/111145.htm
南通嘉瑞密封材料有限公司的商铺,http://nantong0111145.11467.com
甘肃新本立工贸有限公司,http:////www.11467.com/lanzhou/co/71338.htm
甘肃新本立工贸有限公司的商铺,http://lanzhou071338.11467.com
岳开虎(个体经营),http:////www.11467.com/linyi/co/71936.htm
岳开虎(个体经营)的商铺,http://linyi071936.11467.com
柳州吉利胶粘剂经营部,http:////www.11467.com/liuzhou/co/41439.htm
柳州吉利胶粘剂经营部的商铺,http://liuzhou041439.11467.com
漯河市琦月吸水材料有限公司,http:////www.11467.com/luohe/co/18258.htm
漯河市琦月吸水材料有限公司的商铺,http://luohe018258.11467.com
濮阳市瑞科化工有限公司,http:////www.11467.com/puyang/co/21104.htm
濮阳市瑞科化工有限公司的商铺,http://puyang021104.11467.com
秦皇岛金国复合材料有限公司,http:////www.11467.com/qinhuangdao/co/37931.htm
秦皇岛金国复合材料有限公司的商铺,http://qinhuangdao037931.11467.com
衢州市苡诚化工有限公司,http:////www.11467.com/quzhou/co/24254.htm
衢州市苡诚化工有限公司的商铺,http://quzhou024254.11467.com
泰州菲尔特高分子材料有限公司,http:////www.11467.com/taizhoushi/co/33759.htm
泰州菲尔特高分子材料有限公司的商铺,http://taizhoushi033759.11467.com
唐山博亚树脂有限公司,http:////www.11467.com/tangshan/co/60453.htm
唐山博亚树脂有限公司的商铺,http://tangshan060453.11467.com
濮阳市瑞森石油树脂有限公司,http:////www.11467.com/puyang/co/19387.htm
濮阳市瑞森石油树脂有限公司的商铺,http://puyang019387.11467.com
云浮市特邦特业粘涂材料有限公司,http:////www.11467.com/yunfu/co/25352.htm
云浮市特邦特业粘涂材料有限公司的商铺,http://yunfu025352.11467.com
西安有机化工厂,http:////www.11467.com/xian/co/87602.htm
西安有机化工厂的商铺,http://xian087602.11467.com
七台河市云博化工有限公司,http:////www.11467.com/qitaihe/co/4506.htm
七台河市云博化工有限公司的商铺,http://qitaihe04506.11467.com
莆田市秀屿区成忠胶水厂,http:////www.11467.com/putian/co/33679.htm
莆田市秀屿区成忠胶水厂的商铺,http://putian033679.11467.com
秦皇岛益海再生资源开发有限公司,http:////www.11467.com/qinhuangdao/co/37938.htm
秦皇岛益海再生资源开发有限公司的商铺,http://qinhuangdao037938.11467.com
十堰三洲科技有限公司,http:////www.11467.com/shiyan/co/31047.htm
十堰三洲科技有限公司的商铺,http://shiyan031047.11467.com
德庆明亮树脂有限公司,http:////www.11467.com/zhaoqing/co/32911.htm
德庆明亮树脂有限公司的商铺,http://zhaoqing032911.11467.com
武汉市汉阳区鹦鹉色纱线厂,http:////www.11467.com/wuhan/co/107797.htm
武汉市汉阳区鹦鹉色纱线厂的商铺,http://wuhan0107797.11467.com
石家庄特得化工有限公司,http:////www.11467.com/shijiazhuang/co/137674.htm
石家庄特得化工有限公司的商铺,http://shijiazhuang0137674.11467.com
青岛鹏峰建材有限公司,http:////www.11467.com/qingdao/co/116105.htm
青岛鹏峰建材有限公司的商铺,http://qingdao0116105.11467.com
衢州全喜化工有限公司,http:////www.11467.com/quzhou/co/33772.htm
衢州全喜化工有限公司的商铺,http://quzhou033772.11467.com
辽阳利德玛聚氨酯厂,http:////www.11467.com/liaoyang/co/23383.htm
辽阳利德玛聚氨酯厂的商铺,http://liaoyang023383.11467.com
山西博奥化工有限公司,http:////www.11467.com/taiyuan/co/103636.htm
山西博奥化工有限公司的商铺,http://taiyuan0103636.11467.com
河南紫元商贸有限公司,http:////www.11467.com/zhengzhou/co/139460.htm
河南紫元商贸有限公司的商铺,http://zhengzhou0139460.11467.com
中山市沃瑞森电子科技有限公司,http:////www.11467.com/zhongshan/co/40155.htm
中山市沃瑞森电子科技有限公司的商铺,http://zhongshan040155.11467.com
宏宇树脂有限公司,http:////www.11467.com/taizhoushi/co/33755.htm
宏宇树脂有限公司的商铺,http://taizhoushi033755.11467.com
廊坊市利泰商贸有限公司,http:////www.11467.com/langfang/co/34481.htm
廊坊市利泰商贸有限公司的商铺,http://langfang034481.11467.com
廊坊圣泉化工有限公司,http:////www.11467.com/langfang/co/46323.htm
廊坊圣泉化工有限公司的商铺,http://langfang046323.11467.com
江苏复兴玻璃纤维科技发展有限公司,http:////www.11467.com/nanjing/co/105376.htm
江苏复兴玻璃纤维科技发展有限公司的商铺,http://nanjing0105376.11467.com
南京艾赫德新型材料有限公司,http:////www.11467.com/nanjing/co/115486.htm
南京艾赫德新型材料有限公司的商铺,http://nanjing0115486.11467.com
南通星辰合成材料有限公司,http:////www.11467.com/nantong/co/3367.htm
南通星辰合成材料有限公司的商铺,http://nantong03367.11467.com
临沂市罗庄区林盛新型建材有限公司,http:////www.11467.com/linyi/co/107051.htm
临沂市罗庄区林盛新型建材有限公司的商铺,http://linyi0107051.11467.com
昆山岱源电子材料有限公司,http:////www.11467.com/suzhou/co/357228.htm
昆山岱源电子材料有限公司的商铺,http://suzhou0357228.11467.com
石家庄汉沃兹贸易有限公司,http:////www.11467.com/shijiazhuang/co/137757.htm
石家庄汉沃兹贸易有限公司的商铺,http://shijiazhuang0137757.11467.com
陕西艾瑞斯新材料科技有限公司,http:////www.11467.com/xian/co/95609.htm
陕西艾瑞斯新材料科技有限公司的商铺,http://xian095609.11467.com
广州市盛邦康体场地材料有限公司,http:////www.11467.com/guangzhou/co/399970.htm
广州市盛邦康体场地材料有限公司的商铺,http://guangzhou0399970.11467.com
东莞市洁欣建材有限公司,http:////www.11467.com/dongguan/co/413481.htm
东莞市洁欣建材有限公司的商铺,http://dongguan0413481.11467.com
浙江宏创新材料有限公司,http:////www.11467.com/quzhou/co/29438.htm
浙江宏创新材料有限公司的商铺,http://quzhou029438.11467.com
德州名将工贸有限公司,http:////www.11467.com/qiye/93143939.htm
德州名将工贸有限公司的商铺,http://93143939.b2b.11467.com
深圳市鸿城艺术雕塑工程科技有限公司,http:////www.11467.com/shenzhen/co/949301.htm
深圳市鸿城艺术雕塑工程科技有限公司的商铺,http://shenzhen0949301.11467.com
天津市西金纳环保材料科技有限公司,http:////www.11467.com/tianjin/co/310636.htm
天津市西金纳环保材料科技有限公司的商铺,http://tianjin0310636.11467.com
陕西邦希化工有限公司,http:////www.11467.com/xian/co/18889.htm
陕西邦希化工有限公司的商铺,http://xian018889.11467.com
东莞市兰宝化工新材料有限公司,http:////www.11467.com/dongguan/co/606194.htm
东莞市兰宝化工新材料有限公司的商铺,http://dongguan0606194.11467.com
安徽鑫鹏化工销售有限责任公司,http:////www.11467.com/fuyang/co/27346.htm
安徽鑫鹏化工销售有限责任公司的商铺,http://fuyang027346.11467.com
广州市合高粘合剂有限公司,http:////www.11467.com/guangzhou/co/528323.htm
广州市合高粘合剂有限公司的商铺,http://guangzhou0528323.11467.com
深圳市裕海化工有限公司,http:////www.11467.com/shenzhen/co/814867.htm
深圳市裕海化工有限公司的商铺,http://shenzhen0814867.11467.com
苏州工业园区立得科技有限公司,http:////www.11467.com/suzhou/co/229799.htm
苏州工业园区立得科技有限公司的商铺,http://suzhou0229799.11467.com
江门市新会区东润涂料有限公司,http:////www.11467.com/jiangmen/co/99925.htm
江门市新会区东润涂料有限公司的商铺,http://jiangmen099925.11467.com
河南省天坛防腐涂料有限公司,http:////www.11467.com/luoyang/co/51552.htm
河南省天坛防腐涂料有限公司的商铺,http://luoyang051552.11467.com
抚顺市奥马石化经贸有限公司,http:////www.11467.com/fushun/co/27306.htm
抚顺市奥马石化经贸有限公司的商铺,http://fushun027306.11467.com
天津五一天立油漆有限公司,http:////www.11467.com/tianjin/co/6531.htm
天津五一天立油漆有限公司的商铺,http://tianjin06531.11467.com
武汉超支化树脂科技有限公司,http:////www.11467.com/wuhan/co/197467.htm
武汉超支化树脂科技有限公司的商铺,http://wuhan0197467.11467.com
鸡泽县扬耀化工染料经销处,http:////www.11467.com/handan/co/54991.htm
鸡泽县扬耀化工染料经销处的商铺,http://handan054991.11467.com
广州钜东贸易有限公司,http:////www.11467.com/guangzhou/co/165836.htm
广州钜东贸易有限公司的商铺,http://guangzhou0165836.11467.com
烟台合力聚氨酯有限公司,http:////www.11467.com/yantai/co/130911.htm
烟台合力聚氨酯有限公司的商铺,http://yantai0130911.11467.com
苏州德益威粘合剂有限公司,http:////www.11467.com/suzhou/co/214418.htm
苏州德益威粘合剂有限公司的商铺,http://suzhou0214418.11467.com
湖南嘉盛德材料科技有限公司,http:////www.11467.com/changsha/co/99212.htm
湖南嘉盛德材料科技有限公司的商铺,http://changsha099212.11467.com
烟台明致电子材料有限公司,http:////www.11467.com/yantai/co/131349.htm
烟台明致电子材料有限公司的商铺,http://yantai0131349.11467.com
神木县威震化工有限责任公司,http:////www.11467.com/huainan/co/16550.htm
神木县威震化工有限责任公司的商铺,http://huainan016550.11467.com
江门市蓬江区柏斯特水性涂料有限公司,http:////www.11467.com/jiangmen/co/99913.htm
江门市蓬江区柏斯特水性涂料有限公司的商铺,http://jiangmen099913.11467.com
江门亿源生化工程有限公司,http:////www.11467.com/jiangmen/co/39212.htm
江门亿源生化工程有限公司的商铺,http://jiangmen039212.11467.com
东莞市盛恩电子科技有限公司,http:////www.11467.com/dongguan/co/71283.htm
东莞市盛恩电子科技有限公司的商铺,http://dongguan071283.11467.com
北京朋辉建筑装饰有限公司,http:////www.11467.com/beijing/co/764742.htm
北京朋辉建筑装饰有限公司的商铺,http://beijing0764742.11467.com
东莞市万金硅胶科技有限公司,http:////www.11467.com/dongguan/co/615413.htm
东莞市万金硅胶科技有限公司的商铺,http://dongguan0615413.11467.com
广东多正化工科技有限公司,http:////www.11467.com/foshan/co/83288.htm
广东多正化工科技有限公司的商铺,http://foshan083288.11467.com
天津市汉泰胶粘剂开发有限公司,http:////www.11467.com/anshan/co/75045.htm
天津市汉泰胶粘剂开发有限公司的商铺,http://anshan075045.11467.com
哈尔滨铭杰化工产品经销有限公司,http:////www.11467.com/haerbin/co/58736.htm
哈尔滨铭杰化工产品经销有限公司的商铺,http://haerbin058736.11467.com
石家庄南阙化工产品销售有限公司,http:////www.11467.com/shijiazhuang/co/161402.htm
石家庄南阙化工产品销售有限公司的商铺,http://shijiazhuang0161402.11467.com
广州纯源水处理技术有限公司,http:////www.11467.com/guangzhou/co/111704.htm
广州纯源水处理技术有限公司的商铺,http://guangzhou0111704.11467.com
石家庄博强工贸有限公司,http:////www.11467.com/shijiazhuang/co/108226.htm
石家庄博强工贸有限公司的商铺,http://shijiazhuang0108226.11467.com
广州原野有限公司,http:////www.11467.com/guangzhou/co/692990.htm
广州原野有限公司的商铺,http://guangzhou0692990.11467.com
北京超星商贸有限公司,http:////www.11467.com/beijing/co/779269.htm
北京超星商贸有限公司的商铺,http://beijing0779269.11467.com
苏州博杰树脂科枝有限公司,http:////www.11467.com/suzhou/co/392051.htm
苏州博杰树脂科枝有限公司的商铺,http://suzhou0392051.11467.com
宁波伊尔卡密封件有限公司,http:////www.11467.com/ningbo/co/104814.htm
宁波伊尔卡密封件有限公司的商铺,http://ningbo0104814.11467.com
淮北宇鑫新型材料有限公司,http:////www.11467.com/huaibei/co/7150.htm
淮北宇鑫新型材料有限公司的商铺,http://huaibei07150.11467.com
廊坊荣超保温材料有限公司,http:////www.11467.com/langfang/co/36064.htm
廊坊荣超保温材料有限公司的商铺,http://langfang036064.11467.com
东莞市钰城树脂科技公司,http:////www.11467.com/dongguan/co/632350.htm
东莞市钰城树脂科技公司的商铺,http://dongguan0632350.11467.com
昆山惠士德电子材料有限公司,http:////www.11467.com/suzhou/co/404143.htm
昆山惠士德电子材料有限公司的商铺,http://suzhou0404143.11467.com
广西固泰尔建材科技有限公司,http:////www.11467.com/nanning/co/98400.htm
广西固泰尔建材科技有限公司的商铺,http://nanning098400.11467.com
广东华迅实业有限公司,http:////www.11467.com/jiangmen/co/114457.htm
广东华迅实业有限公司的商铺,http://jiangmen0114457.11467.com
清远雅克化工有限公司,http:////www.11467.com/qingyuan/co/28721.htm
清远雅克化工有限公司的商铺,http://qingyuan028721.11467.com
厦门有为工贸有限公司,http:////www.11467.com/xiamen/co/24844.htm
厦门有为工贸有限公司的商铺,http://xiamen024844.11467.com
余敏,http:////www.11467.com/shanghai/co/1065741.htm
余敏的商铺,http://shanghai01065741.11467.com
北京天一永昌化工科技有限公司,http:////www.11467.com/beijing/co/224094.htm
北京天一永昌化工科技有限公司的商铺,http://beijing0224094.11467.com
广州市佳林化学科技有限公司,http:////www.11467.com/guangzhou/co/40334.htm
广州市佳林化学科技有限公司的商铺,http://guangzhou040334.11467.com
河北瑞泽玻璃钢有限公司,http:////www.11467.com/hengshui/co/34128.htm
河北瑞泽玻璃钢有限公司的商铺,http://hengshui034128.11467.com
嘉兴市嘉港合成材料有限公司,http:////www.11467.com/jiaxing/co/5904.htm
嘉兴市嘉港合成材料有限公司的商铺,http://jiaxing05904.11467.com
江门市蓬江区万达富化工有限公司,http:////www.11467.com/jiangmen/co/89982.htm
江门市蓬江区万达富化工有限公司的商铺,http://jiangmen089982.11467.com
枣强县兴达玻璃钢制品厂,http:////www.11467.com/hengshui/co/34257.htm
枣强县兴达玻璃钢制品厂的商铺,http://hengshui034257.11467.com
江门市蓬江区荷塘镇荣昌化工涂料厂,http:////www.11467.com/jiangmen/co/93709.htm
江门市蓬江区荷塘镇荣昌化工涂料厂的商铺,http://jiangmen093709.11467.com
江门市蓬江区蓝精日用制品有限公司,http:////www.11467.com/jiangmen/co/84464.htm
江门市蓬江区蓝精日用制品有限公司的商铺,http://jiangmen084464.11467.com
济南鑫友树脂制品有限公司,http:////www.11467.com/jinan/co/106848.htm
济南鑫友树脂制品有限公司的商铺,http://jinan0106848.11467.com
辽阳市杰达防水材料厂,http:////www.11467.com/liaoyang/co/5588.htm
辽阳市杰达防水材料厂的商铺,http://liaoyang05588.11467.com
洛阳吉明化工有限公司,http:////www.11467.com/luoyang/co/12450.htm
洛阳吉明化工有限公司的商铺,http://luoyang012450.11467.com
大连首源体育设施有限公司,http:////www.11467.com/dalian/co/56689.htm
大连首源体育设施有限公司的商铺,http://dalian056689.11467.com
东莞市泛美胶粘剂有限公司,http:////www.11467.com/dongguan/co/170296.htm
东莞市泛美胶粘剂有限公司的商铺,http://dongguan0170296.11467.com
湖南固力工程新材料有限责任公司,http:////www.11467.com/changsha/co/99192.htm
湖南固力工程新材料有限责任公司的商铺,http://changsha099192.11467.com
东莞市天莱胶粘剂有限公司,http:////www.11467.com/dongguan/co/170081.htm
东莞市天莱胶粘剂有限公司的商铺,http://dongguan0170081.11467.com
东莞市中堂捷力胶水经营部,http:////www.11467.com/dongguan/co/170340.htm
东莞市中堂捷力胶水经营部的商铺,http://dongguan0170340.11467.com
佛山市保路威环保材料有限公司,http:////www.11467.com/foshan/co/209103.htm
佛山市保路威环保材料有限公司的商铺,http://foshan0209103.11467.com
江门市蓬江区荷塘远强清洁用品厂,http:////www.11467.com/jiangmen/co/82813.htm
江门市蓬江区荷塘远强清洁用品厂的商铺,http://jiangmen082813.11467.com
山东莱芜润达化工有限公司,http:////www.11467.com/laiwu/co/4740.htm
山东莱芜润达化工有限公司的商铺,http://laiwu04740.11467.com
东莞市久骥热熔胶喷涂科技有限公司,http:////www.11467.com/dongguan/co/123522.htm
东莞市久骥热熔胶喷涂科技有限公司的商铺,http://dongguan0123522.11467.com
东莞市新懿电子材料技术有限公司,http:////www.11467.com/dongguan/co/414487.htm
东莞市新懿电子材料技术有限公司的商铺,http://dongguan0414487.11467.com
常州市钟楼区凌杰铸造材料厂,http:////www.11467.com/changzhou/co/101943.htm
常州市钟楼区凌杰铸造材料厂的商铺,http://changzhou0101943.11467.com
马鞍山市鸿宇物贸有限公司,http:////www.11467.com/maanshan/co/12994.htm
马鞍山市鸿宇物贸有限公司的商铺,http://maanshan012994.11467.com
东莞市三兴化工有限公司,http:////www.11467.com/dongguan/co/490896.htm
东莞市三兴化工有限公司的商铺,http://dongguan0490896.11467.com
广州市科耐实业有限公司,http:////www.11467.com/guangzhou/co/210694.htm
广州市科耐实业有限公司的商铺,http://guangzhou0210694.11467.com
刘晓明,http:////www.11467.com/guangzhou/co/431417.htm
刘晓明的商铺,http://guangzhou0431417.11467.com
广州市加桦贸易有限公司,http:////www.11467.com/guangzhou/co/206272.htm
广州市加桦贸易有限公司的商铺,http://guangzhou0206272.11467.com
东莞市新越有机硅科技有限公司,http:////www.11467.com/dongguan/co/412685.htm
东莞市新越有机硅科技有限公司的商铺,http://dongguan0412685.11467.com
东莞市杰邦特新材料科技有限公司,http:////www.11467.com/dongguan/co/555808.htm
东莞市杰邦特新材料科技有限公司的商铺,http://dongguan0555808.11467.com
江苏亚邦涂料股份有限公司,http:////www.11467.com/changzhou/co/71607.htm
江苏亚邦涂料股份有限公司的商铺,http://changzhou071607.11467.com
河北静冈复合材料有限公司,http:////www.11467.com/hengshui/co/21797.htm
河北静冈复合材料有限公司的商铺,http://hengshui021797.11467.com
昆明市官渡区百强建筑材料厂,http:////www.11467.com/kunming/co/119252.htm
昆明市官渡区百强建筑材料厂的商铺,http://kunming0119252.11467.com
成都大金立合成材料有限责任公司,http:////www.11467.com/chengdu/co/16675.htm
成都大金立合成材料有限责任公司的商铺,http://chengdu016675.11467.com
广州松宝化工有限公司,http:////www.11467.com/guangzhou/co/495326.htm
广州松宝化工有限公司的商铺,http://guangzhou0495326.11467.com
合肥同幸复合材料有限公司,http:////www.11467.com/hefei/co/82499.htm
合肥同幸复合材料有限公司的商铺,http://hefei082499.11467.com
东莞市乙霖电子材料有限公司,http:////www.11467.com/dongguan/co/379460.htm
东莞市乙霖电子材料有限公司的商铺,http://dongguan0379460.11467.com
上海虹际通风设备有限公司,http:////www.11467.com/dongguan/co/488524.htm
上海虹际通风设备有限公司的商铺,http://dongguan0488524.11467.com
安徽皖树化工销售有限公司,http:////www.11467.com/chuzhou/co/27198.htm
安徽皖树化工销售有限公司的商铺,http://chuzhou027198.11467.com
常州市景华热油泵铸造有限公司,http:////www.11467.com/changzhou/co/115565.htm
常州市景华热油泵铸造有限公司的商铺,http://changzhou0115565.11467.com
东莞市世发贸易有限公司,http:////www.11467.com/dongguan/co/84011.htm
东莞市世发贸易有限公司的商铺,http://dongguan084011.11467.com
东莞市世海电子有限公司,http:////www.11467.com/dongguan/co/379346.htm
东莞市世海电子有限公司的商铺,http://dongguan0379346.11467.com
东莞市厚街西利南鞋材经营部,http:////www.11467.com/dongguan/co/379304.htm
东莞市厚街西利南鞋材经营部的商铺,http://dongguan0379304.11467.com
东莞市东佳化工原料有限公司,http:////www.11467.com/dongguan/co/379403.htm
东莞市东佳化工原料有限公司的商铺,http://dongguan0379403.11467.com
东莞市欧联胶业有限公司,http:////www.11467.com/dongguan/co/379313.htm
东莞市欧联胶业有限公司的商铺,http://dongguan0379313.11467.com
东莞市长安崇惠五金饰品厂,http:////www.11467.com/dongguan/co/555824.htm
东莞市长安崇惠五金饰品厂的商铺,http://dongguan0555824.11467.com
东莞市长禾化工有限公司,http:////www.11467.com/dongguan/co/147587.htm
东莞市长禾化工有限公司的商铺,http://dongguan0147587.11467.com
蚌埠市天宇高温树脂材料有限公司,http:////www.11467.com/bengbu/co/35681.htm
蚌埠市天宇高温树脂材料有限公司的商铺,http://bengbu035681.11467.com
东莞市石碣剀达电子辅料经营部,http:////www.11467.com/dongguan/co/240972.htm
东莞市石碣剀达电子辅料经营部的商铺,http://dongguan0240972.11467.com
杭州市土特产集团有限公司,http:////www.11467.com/hangzhou/co/237293.htm
杭州市土特产集团有限公司的商铺,http://hangzhou0237293.11467.com
杭州昭源化工有限公司,http:////www.11467.com/hangzhou/co/369883.htm
杭州昭源化工有限公司的商铺,http://hangzhou0369883.11467.com
桐乡市正大涂料有限公司,http:////www.11467.com/jiaxing/co/42017.htm
桐乡市正大涂料有限公司的商铺,http://jiaxing042017.11467.com
安徽新远化工有限公司,http:////www.11467.com/huangshan/co/13856.htm
安徽新远化工有限公司的商铺,http://huangshan013856.11467.com
深圳市天助彩树脂有限公司,http:////www.11467.com/shenzhen/co/776601.htm
深圳市天助彩树脂有限公司的商铺,http://shenzhen0776601.11467.com
浙江恒河石油化工股份有限公司,http:////www.11467.com/ningbo/co/134002.htm
浙江恒河石油化工股份有限公司的商铺,http://ningbo0134002.11467.com
廊坊全振巨星化工材料有限公司,http:////www.11467.com/langfang/co/59516.htm
廊坊全振巨星化工材料有限公司的商铺,http://langfang059516.11467.com
东莞市蛟龙印花材料有限公司,http:////www.11467.com/dongguan/co/413590.htm
东莞市蛟龙印花材料有限公司的商铺,http://dongguan0413590.11467.com
天津市金业化工有限公司,http:////www.11467.com/tianjin/co/26836.htm
天津市金业化工有限公司的商铺,http://tianjin026836.11467.com
重庆市森宝木胶有限公司,http:////www.11467.com/chongqing/co/90555.htm
重庆市森宝木胶有限公司的商铺,http://chongqing090555.11467.com
天津亚邦化学有限公司,http:////www.11467.com/tianjin/co/37957.htm
天津亚邦化学有限公司的商铺,http://tianjin037957.11467.com
温州市宏洲轻工助剂有限公司,http:////www.11467.com/wenzhou/co/3875.htm
温州市宏洲轻工助剂有限公司的商铺,http://wenzhou03875.11467.com
芜湖市爱德化工有限责任公司,http:////www.11467.com/wuhu/co/96.htm
芜湖市爱德化工有限责任公司的商铺,http://wuhu096.11467.com
北京海洋永利塑胶板材经销部,http:////www.11467.com/beijing/co/135336.htm
北京海洋永利塑胶板材经销部的商铺,http://beijing0135336.11467.com
漳州丽都化工有限公司,http:////www.11467.com/zhangzhou/co/38254.htm
漳州丽都化工有限公司的商铺,http://zhangzhou038254.11467.com
青岛宏丰氟硅科技有限公司,http:////www.11467.com/qingdao/co/116128.htm
青岛宏丰氟硅科技有限公司的商铺,http://qingdao0116128.11467.com
沈阳美桐国际贸易有限公司,http:////www.11467.com/shenyang/co/76112.htm
沈阳美桐国际贸易有限公司的商铺,http://shenyang076112.11467.com
南通矽利康橡塑材料有限公司,http:////www.11467.com/nantong/co/105576.htm
南通矽利康橡塑材料有限公司的商铺,http://nantong0105576.11467.com
上海黄渡助剂厂,http:////www.11467.com/shanghai/co/269499.htm
上海黄渡助剂厂的商铺,http://shanghai0269499.11467.com
天津市聚星华天聚氨酯有限公司,http:////www.11467.com/tianjin/co/35819.htm
天津市聚星华天聚氨酯有限公司的商铺,http://tianjin035819.11467.com
烟台市福山区化学工业研究所有限公司,http:////www.11467.com/yantai/co/22123.htm
烟台市福山区化学工业研究所有限公司的商铺,http://yantai022123.11467.com
佛山市南海桦勤化工贸易商行,http:////www.11467.com/foshan/co/396644.htm
佛山市南海桦勤化工贸易商行的商铺,http://foshan0396644.11467.com
镇江丹宝树脂有限公司,http:////www.11467.com/zhenjiang/co/52826.htm
镇江丹宝树脂有限公司的商铺,http://zhenjiang052826.11467.com
咸阳秦河复合材料有限责任公司,http:////www.11467.com/xianyang/co/18899.htm
咸阳秦河复合材料有限责任公司的商铺,http://xianyang018899.11467.com
随州市银河化工厂,http:////www.11467.com/suizhou/co/6590.htm
随州市银河化工厂的商铺,http://suizhou06590.11467.com
南京雅博科技有限公司,http:////www.11467.com/nanjing/co/105304.htm
南京雅博科技有限公司的商铺,http://nanjing0105304.11467.com
西峡县宇星绝缘材料有限公司,http:////www.11467.com/nanyang/co/18107.htm
西峡县宇星绝缘材料有限公司的商铺,http://nanyang018107.11467.com
瑞星集团股份有限公司,http:////www.11467.com/taian/co/58973.htm
瑞星集团股份有限公司的商铺,http://taian058973.11467.com
上海腾威化工新材料有限公司,http:////www.11467.com/shanghai/co/251351.htm
上海腾威化工新材料有限公司的商铺,http://shanghai0251351.11467.com
珠海长先新材料科技股份有限公司深圳分公司,http:////www.11467.com/shenzhen/co/1070299.htm
珠海长先新材料科技股份有限公司深圳分公司的商铺,http://shenzhen01070299.11467.com
石家庄嘉洛凯化工产品销售有限公司,http:////www.11467.com/shijiazhuang/co/139574.htm
石家庄嘉洛凯化工产品销售有限公司的商铺,http://shijiazhuang0139574.11467.com
衢州市商达化工科技有限公司,http:////www.11467.com/quzhou/co/21437.htm
衢州市商达化工科技有限公司的商铺,http://quzhou021437.11467.com
深圳市美杰有机玻璃制品有限公司,http:////www.11467.com/shenzhen/co/260766.htm
深圳市美杰有机玻璃制品有限公司的商铺,http://shenzhen0260766.11467.com
南京百聚科技有限公司,http:////www.11467.com/nanjing/co/55444.htm
南京百聚科技有限公司的商铺,http://nanjing055444.11467.com
南京市荣达树脂有限公司,http:////www.11467.com/nanjing/co/105366.htm
南京市荣达树脂有限公司的商铺,http://nanjing0105366.11467.com
淄博市淄川一新制漆厂,http:////www.11467.com/zibo/co/2430.htm
淄博市淄川一新制漆厂的商铺,http://zibo02430.11467.com
上海天洋热熔粘接材料股份有限公司,http:////www.11467.com/shanghai/co/1095977.htm
上海天洋热熔粘接材料股份有限公司的商铺,http://shanghai01095977.11467.com
上海稳优实业有限公司,http:////www.11467.com/shanghai/co/1284052.htm
上海稳优实业有限公司的商铺,http://shanghai01284052.11467.com
廊坊高华化工有限公司,http:////www.11467.com/langfang/co/56414.htm
廊坊高华化工有限公司的商铺,http://langfang056414.11467.com
如皋市鼎泰油脂有限公司,http:////www.11467.com/nantong/co/129849.htm
如皋市鼎泰油脂有限公司的商铺,http://nantong0129849.11467.com
深圳市福田区赛格电子市场万得利胶业经营部,http:////www.11467.com/shenzhen/co/604416.htm
深圳市福田区赛格电子市场万得利胶业经营部的商铺,http://shenzhen0604416.11467.com
泉州闽辉海棉有限公司,http:////www.11467.com/quanzhou/co/130887.htm
泉州闽辉海棉有限公司的商铺,http://quanzhou0130887.11467.com
石家庄玛益尔化工产品销售有限公司,http:////www.11467.com/shijiazhuang/co/138302.htm
石家庄玛益尔化工产品销售有限公司的商铺,http://shijiazhuang0138302.11467.com
上海臻威复合材料有限公司,http:////www.11467.com/shanghai/co/1038337.htm
上海臻威复合材料有限公司的商铺,http://shanghai01038337.11467.com
安徽省广德县华林造漆厂,http:////www.11467.com/xuancheng/co/3733.htm
安徽省广德县华林造漆厂的商铺,http://xuancheng03733.11467.com
中山科邦化工材料技术有限公司,http:////www.11467.com/zhongshan/co/147640.htm
中山科邦化工材料技术有限公司的商铺,http://zhongshan0147640.11467.com
诸城永创铸造材料有限公司,http:////www.11467.com/weifang/co/120944.htm
诸城永创铸造材料有限公司的商铺,http://weifang0120944.11467.com
温州市瑞昇皮革化工有限公司,http:////www.11467.com/wenzhou/co/165613.htm
温州市瑞昇皮革化工有限公司的商铺,http://wenzhou0165613.11467.com
昆山华睿达净化科技有限公司,http:////www.11467.com/suzhou/co/319488.htm
昆山华睿达净化科技有限公司的商铺,http://suzhou0319488.11467.com
无锡市前洲涂层材料厂,http:////www.11467.com/wuxi/co/126410.htm
无锡市前洲涂层材料厂的商铺,http://wuxi0126410.11467.com
飞虎(厦门)聚氨酯制品有限公司,http:////www.11467.com/xiamen/co/13727.htm
飞虎(厦门)聚氨酯制品有限公司的商铺,http://xiamen013727.11467.com
湖北新景新材料有限公司,http:////www.11467.com/wuhan/co/90738.htm
湖北新景新材料有限公司的商铺,http://wuhan090738.11467.com
濮阳市恒泰石油化工有限公司,http:////www.11467.com/puyang/co/12595.htm
广州市博顺化工有限公司,http:////www.11467.com/qiye/5354.htm
济南易盛树脂有限公司,http:////www.11467.com/jinan/co/59780.htm
济南易盛树脂有限公司的商铺,http://jinan059780.11467.com
深圳奥斯邦化学材料有限公司,http:////www.11467.com/shenzhen/co/760303.htm
深圳奥斯邦化学材料有限公司的商铺,http://shenzhen0760303.11467.com
武汉远城科技发展有限公司狮子山化工涂料厂,http:////www.11467.com/wuhan/co/107249.htm
武汉远城科技发展有限公司狮子山化工涂料厂的商铺,http://wuhan0107249.11467.com
郑州西电电力树脂有限公司,http:////www.11467.com/zhengzhou/co/191671.htm
郑州西电电力树脂有限公司的商铺,http://zhengzhou0191671.11467.com
北京津大树脂公司,http:////www.11467.com/beijing/co/224033.htm
北京津大树脂公司的商铺,http://beijing0224033.11467.com
海南龙康不锈钢水箱厂,http:////www.11467.com/haikou/co/4992.htm
海南龙康不锈钢水箱厂的商铺,http://haikou04992.11467.com
淄博达鹏化工原料销售有限公司,http:////www.11467.com/zibo/co/92880.htm
淄博达鹏化工原料销售有限公司的商铺,http://zibo092880.11467.com
大城县玉泉化工产品销售部,http:////www.11467.com/langfang/co/35802.htm
大城县玉泉化工产品销售部的商铺,http://langfang035802.11467.com
深圳优特美胶业有限公司,http:////www.11467.com/shenzhen/co/728384.htm
深圳优特美胶业有限公司的商铺,http://shenzhen0728384.11467.com
上海源禾化工有限公司,http:////www.11467.com/shanghai/co/690090.htm
上海源禾化工有限公司的商铺,http://shanghai0690090.11467.com
郑州勤实科技有限公司,http:////www.11467.com/zhengzhou/co/139464.htm
郑州勤实科技有限公司的商铺,http://zhengzhou0139464.11467.com
长沙秀亮建材科技有限公司,http:////www.11467.com/changsha/co/104022.htm
长沙秀亮建材科技有限公司的商铺,http://changsha0104022.11467.com
北京市瑞星橡塑原料有限公司,http:////www.11467.com/beijing/co/145489.htm
北京市瑞星橡塑原料有限公司的商铺,http://beijing0145489.11467.com
东莞市聚力胶粘制品有限公司,http:////www.11467.com/dongguan/co/409636.htm
东莞市聚力胶粘制品有限公司的商铺,http://dongguan0409636.11467.com
石家庄金瑞橡胶原料有限公司,http:////www.11467.com/shijiazhuang/co/108143.htm
石家庄金瑞橡胶原料有限公司的商铺,http://shijiazhuang0108143.11467.com
上海富晨化工济南销售处,http:////www.11467.com/jinan/co/113869.htm
上海富晨化工济南销售处的商铺,http://jinan0113869.11467.com
苏州易可厌氧胶厂,http:////www.11467.com/suzhou/co/269990.htm
苏州易可厌氧胶厂的商铺,http://suzhou0269990.11467.com
东莞市康帝尔工业材料有限公司,http:////www.11467.com/dongguan/co/413887.htm
东莞市康帝尔工业材料有限公司的商铺,http://dongguan0413887.11467.com
佛山齐隆化工有限公司销售部,http:////www.11467.com/foshan/co/281697.htm
佛山齐隆化工有限公司销售部的商铺,http://foshan0281697.11467.com
泰昌树脂材料有限公司,http:////www.11467.com/dongguan/co/377903.htm
泰昌树脂材料有限公司的商铺,http://dongguan0377903.11467.com
苏州市优瑞涂装工程有限公司,http:////www.11467.com/suzhou/co/265615.htm
苏州市优瑞涂装工程有限公司的商铺,http://suzhou0265615.11467.com
深圳优特美胶业（胶粘剂）有限公司,http:////www.11467.com/shenzhen/co/729501.htm
深圳优特美胶业（胶粘剂）有限公司的商铺,http://shenzhen0729501.11467.com
启得成塑胶有限公司,http:////www.11467.com/zhongshan/co/118744.htm
启得成塑胶有限公司的商铺,http://zhongshan0118744.11467.com
广州市刻度化工有限公司,http:////www.11467.com/guangzhou/co/433012.htm
广州市刻度化工有限公司的商铺,http://guangzhou0433012.11467.com
太原市新靓景地坪装饰有限公司,http:////www.11467.com/taiyuan/co/103467.htm
太原市新靓景地坪装饰有限公司的商铺,http://taiyuan0103467.11467.com
珠海恒新化工,http:////www.11467.com/zhuhai/co/89281.htm
珠海恒新化工的商铺,http://zhuhai089281.11467.com
佛山市焕晨玻璃钢复合材料厂,http:////www.11467.com/foshan/co/305781.htm
佛山市焕晨玻璃钢复合材料厂的商铺,http://foshan0305781.11467.com
巩义地坪漆,http:////www.11467.com/zhengzhou/co/147923.htm
巩义地坪漆的商铺,http://zhengzhou0147923.11467.com
山东瑞丰高分子材料股份有限公司,http:////www.11467.com/liaocheng/co/35578.htm
山东瑞丰高分子材料股份有限公司的商铺,http://liaocheng035578.11467.com
深圳明洋有机硅材料有限公司,http:////www.11467.com/shenzhen/co/421281.htm
深圳明洋有机硅材料有限公司的商铺,http://shenzhen0421281.11467.com
福建诚邦树脂有限公司,http:////www.11467.com/fuzhou/co/161651.htm
福建诚邦树脂有限公司的商铺,http://fuzhou0161651.11467.com
东莞市艺升复合材料有限公司,http:////www.11467.com/dongguan/co/402073.htm
东莞市艺升复合材料有限公司的商铺,http://dongguan0402073.11467.com
深圳市千京科技发展有限公司,http:////www.11467.com/shenzhen/co/721512.htm
深圳市千京科技发展有限公司的商铺,http://shenzhen0721512.11467.com
衡水科力通液压橡塑技术有限公司,http:////www.11467.com/hengshui/co/24607.htm
衡水科力通液压橡塑技术有限公司的商铺,http://hengshui024607.11467.com
博罗县强力复合材料有限公司营业部,http:////www.11467.com/huizhou/co/81931.htm
博罗县强力复合材料有限公司营业部的商铺,http://huizhou081931.11467.com
深圳鑫东邦科技有限公司,http:////www.11467.com/shenzhen/co/721733.htm
安平县三联过滤器材有限公司,http:////www.11467.com/hengshui/co/27098.htm
厦门万福电子材料厂,http:////www.11467.com/xiamen/co/85376.htm
厦门万福电子材料厂,http:////www.11467.com/xiamen/co/85376.htm
福州博荣投资有限公司,http:////www.11467.com/fuzhou/co/161734.htm
锦秀地坪工程有限公司,http:////www.11467.com/changsha/co/120608.htm
长春市华安实业有限公司,http:////www.11467.com/changchun/co/83247.htm
齐隆化工广州石油树脂销售部,http:////www.11467.com/guangzhou/co/430952.htm
龙昌(深圳)化工经贸有限公司,http:////www.11467.com/shenzhen/co/725378.htm
江西省鼎琩化工有限公司,http:////www.11467.com/shenzhen/co/407895.htm
上海鸿鲲化工有限公司,http:////www.11467.com/shanghai/co/811375.htm
东莞泰昌树脂原材料有限公司,http:////www.11467.com/dongguan/co/412085.htm
杭州恒泉科技开发有限公司,http:////www.11467.com/hangzhou/co/259555.htm
广州紫阳工程材料有限公司,http:////www.11467.com/guangzhou/co/430983.htm
深圳市洪力可移胶点制品有限公司,http:////www.11467.com/shenzhen/co/721947.htm
深圳市奥思博科技有限公司,http:////www.11467.com/shenzhen/co/243064.htm
深圳市奥思博科技有限公司的商铺,http://shenzhen0243064.11467.com
深圳市德宏科技有限公司,http:////www.11467.com/shenzhen/co/90278.htm
深圳市德宏科技有限公司的商铺,http://shenzhen090278.11467.com
济南爱特佳涂料有限公司,http:////www.11467.com/jinan/co/35232.htm
济南爱特佳涂料有限公司的商铺,http://jinan035232.11467.com
佛山市顺德区杏坛镇德宝塑料树脂制品厂,http:////www.11467.com/foshan/co/209071.htm
佛山市顺德区杏坛镇德宝塑料树脂制品厂的商铺,http://foshan0209071.11467.com
威海广利化工有限公司,http:////www.11467.com/weihai/co/4542.htm
威海广利化工有限公司的商铺,http://weihai04542.11467.com
烟台市福山义昌精细化工厂,http:////www.11467.com/yantai/co/20991.htm
烟台市福山义昌精细化工厂的商铺,http://yantai020991.11467.com
沈阳信利涂料有限公司,http:////www.11467.com/shenyang/co/48989.htm
沈阳信利涂料有限公司的商铺,http://shenyang048989.11467.com
连云港市九盛化工厂,http:////www.11467.com/lianyungang/co/6425.htm
连云港市九盛化工厂的商铺,http://lianyungang06425.11467.com
哈尔滨市友谊胶粘研究所,http:////www.11467.com/haerbin/co/44977.htm
哈尔滨市友谊胶粘研究所的商铺,http://haerbin044977.11467.com
邯郸市志达玻璃钢有限公司,http:////www.11467.com/handan/co/8199.htm
邯郸市志达玻璃钢有限公司的商铺,http://handan08199.11467.com
济南市历城区广原化工经营部,http:////www.11467.com/jinan/co/106987.htm
济南市历城区广原化工经营部的商铺,http://jinan0106987.11467.com
南京欧灵化工有限公司,http:////www.11467.com/nanjing/co/103567.htm
南京欧灵化工有限公司的商铺,http://nanjing0103567.11467.com
秦皇岛市山海关开发区宇发防腐材料有限公司,http:////www.11467.com/qinhuangdao/co/8498.htm
秦皇岛市山海关开发区宇发防腐材料有限公司的商铺,http://qinhuangdao08498.11467.com
惠州市雷博化工有限公司,http:////www.11467.com/huizhou/co/6497.htm
惠州市雷博化工有限公司的商铺,http://huizhou06497.11467.com
鹤山市欧克特电子科技有限公司,http:////www.11467.com/jiangmen/co/88826.htm
鹤山市欧克特电子科技有限公司的商铺,http://jiangmen088826.11467.com
江门市新会区会城真诚环保材料经营部,http:////www.11467.com/jiangmen/co/91855.htm
江门市新会区会城真诚环保材料经营部的商铺,http://jiangmen091855.11467.com
鹤壁市鸿兴化工有限公司,http:////www.11467.com/hebi/co/1206.htm
鹤壁市鸿兴化工有限公司的商铺,http://hebi01206.11467.com
嘉兴市振新电工材料有限责任公司,http:////www.11467.com/jiaxing/co/70797.htm
嘉兴市振新电工材料有限责任公司的商铺,http://jiaxing070797.11467.com
南京拓利化工有限公司,http:////www.11467.com/nanjing/co/105357.htm
南京拓利化工有限公司的商铺,http://nanjing0105357.11467.com
佛山市森美亚复合材料有限公司,http:////www.11467.com/foshan/co/284029.htm
佛山市森美亚复合材料有限公司的商铺,http://foshan0284029.11467.com
广州市允升环保科技有限公司,http:////www.11467.com/guangzhou/co/394717.htm
广州市允升环保科技有限公司的商铺,http://guangzhou0394717.11467.com
广州尔晟贸易有限公司,http:////www.11467.com/guangzhou/co/458147.htm
广州尔晟贸易有限公司的商铺,http://guangzhou0458147.11467.com
揭阳市榕城区新兴河南恒光五金电器厂,http:////www.11467.com/jieyang/co/23563.htm
揭阳市榕城区新兴河南恒光五金电器厂的商铺,http://jieyang023563.11467.com
武汉万能源化工有限公司,http:////www.11467.com/wuhan/co/107737.htm
武汉万能源化工有限公司的商铺,http://wuhan0107737.11467.com
厦门巨和丰橡胶有限公司,http:////www.11467.com/xiamen/co/103507.htm
厦门巨和丰橡胶有限公司的商铺,http://xiamen0103507.11467.com
唐山丰合塑胶有限公司,http:////www.11467.com/tangshan/co/21872.htm
唐山丰合塑胶有限公司的商铺,http://tangshan021872.11467.com
深圳市聚特科技有限公司,http:////www.11467.com/shenzhen/co/685666.htm
深圳市聚特科技有限公司的商铺,http://shenzhen0685666.11467.com
东莞市美易达工艺制作有限公司,http:////www.11467.com/dongguan/co/329375.htm
东莞市美易达工艺制作有限公司的商铺,http://dongguan0329375.11467.com
佛山市鲸鲨化工有限公司,http:////www.11467.com/foshan/co/338387.htm
佛山市鲸鲨化工有限公司的商铺,http://foshan0338387.11467.com
广州悦明贸易有限公司,http:////www.11467.com/guangzhou/co/455611.htm
广州悦明贸易有限公司的商铺,http://guangzhou0455611.11467.com
广州市慧欣贸易有限公司,http:////www.11467.com/guangzhou/co/396033.htm
广州市慧欣贸易有限公司的商铺,http://guangzhou0396033.11467.com
广州市耐力环保科技有限公司,http:////www.11467.com/guangzhou/co/400169.htm
广州市耐力环保科技有限公司的商铺,http://guangzhou0400169.11467.com
杭州佳豪机电有限公司,http:////www.11467.com/hangzhou/co/235898.htm
杭州佳豪机电有限公司的商铺,http://hangzhou0235898.11467.com
江阴天轩化工有限公司,http:////www.11467.com/guangzhou/co/467083.htm
江阴天轩化工有限公司的商铺,http://guangzhou0467083.11467.com
荆州市泰盟实业有限公司,http:////www.11467.com/jingzhou/co/17095.htm
荆州市泰盟实业有限公司的商铺,http://jingzhou017095.11467.com
太原钊海实业有限公司,http:////www.11467.com/taiyuan/co/66138.htm
太原钊海实业有限公司的商铺,http://taiyuan066138.11467.com
深圳市永之强化工科技有限公司,http:////www.11467.com/shenzhen/co/727319.htm
深圳市永之强化工科技有限公司的商铺,http://shenzhen0727319.11467.com
扬州瑞邦化工技术有限公司,http:////www.11467.com/yangzhou/co/74975.htm
扬州瑞邦化工技术有限公司的商铺,http://yangzhou074975.11467.com
河南五一化工有限公司,http:////www.11467.com/kaifeng/co/2945.htm
河南五一化工有限公司的商铺,http://kaifeng02945.11467.com
云南鑫诺齐商贸有限公司,http:////www.11467.com/kunming/co/134087.htm
云南鑫诺齐商贸有限公司的商铺,http://kunming0134087.11467.com
霸州市煎茶铺康甫防腐绝缘材料厂,http:////www.11467.com/langfang/co/15263.htm
霸州市煎茶铺康甫防腐绝缘材料厂的商铺,http://langfang015263.11467.com
福建省德化琦轩陶瓷工艺有限公司,http:////www.11467.com/quanzhou/co/146144.htm
福建省德化琦轩陶瓷工艺有限公司的商铺,http://quanzhou0146144.11467.com
大田县正利化工有限公司,http:////www.11467.com/sanming/co/34118.htm
大田县正利化工有限公司的商铺,http://sanming034118.11467.com
河北省枣强县永大玻璃钢有限公司,http:////www.11467.com/hengshui/co/3960.htm
河北省枣强县永大玻璃钢有限公司的商铺,http://hengshui03960.11467.com
嘉兴耐迪建筑装饰工程有限公司,http:////www.11467.com/jiaxing/co/92195.htm
嘉兴耐迪建筑装饰工程有限公司的商铺,http://jiaxing092195.11467.com
广州宏圣化工有限公司,http:////www.11467.com/guangzhou/co/400103.htm
广州宏圣化工有限公司的商铺,http://guangzhou0400103.11467.com
广州市友润化工有限公司,http:////www.11467.com/guangzhou/co/429940.htm
广州市友润化工有限公司的商铺,http://guangzhou0429940.11467.com
广州金东方树脂化工有限公司,http:////www.11467.com/guangzhou/co/322405.htm
广州金东方树脂化工有限公司的商铺,http://guangzhou0322405.11467.com
杭州贝科玻璃钢制品有限公司,http:////www.11467.com/hangzhou/co/313375.htm
杭州贝科玻璃钢制品有限公司的商铺,http://hangzhou0313375.11467.com
佛山市禅城区宝莱五金经营部,http:////www.11467.com/foshan/co/340776.htm
佛山市禅城区宝莱五金经营部的商铺,http://foshan0340776.11467.com
天津市东和盛泰化工商贸有限公司,http:////www.11467.com/tianjin/co/180247.htm
天津市东和盛泰化工商贸有限公司的商铺,http://tianjin0180247.11467.com
天津中和盛泰化工有限公司,http:////www.11467.com/tianjin/co/180355.htm
天津中和盛泰化工有限公司的商铺,http://tianjin0180355.11467.com
北京富华博源商贸有限公司,http:////www.11467.com/beijing/co/625900.htm
北京富华博源商贸有限公司的商铺,http://beijing0625900.11467.com
北京聚福树脂厂,http:////www.11467.com/beijing/co/187797.htm
北京聚福树脂厂的商铺,http://beijing0187797.11467.com
天津市河西区微山电器化工材料厂,http:////www.11467.com/tianjin/co/90644.htm
天津市河西区微山电器化工材料厂的商铺,http://tianjin090644.11467.com
肇庆市嘉诚化工有限公司,http:////www.11467.com/zhaoqing/co/31171.htm
肇庆市嘉诚化工有限公司的商铺,http://zhaoqing031171.11467.com
深圳市佳美工业模型技术有限公司,http:////www.11467.com/shenzhen/co/137240.htm
深圳市佳美工业模型技术有限公司的商铺,http://shenzhen0137240.11467.com
上海山吉化工有限公司,http:////www.11467.com/shanghai/co/745763.htm
上海山吉化工有限公司的商铺,http://shanghai0745763.11467.com
衡水盛杰橡胶化工公司,http:////www.11467.com/hengshui/co/59704.htm
衡水盛杰橡胶化工公司的商铺,http://hengshui059704.11467.com
东莞市胜腾新材料有限公司,http:////www.11467.com/dongguan/co/642525.htm
东莞市胜腾新材料有限公司的商铺,http://dongguan0642525.11467.com
合肥宇轩玻璃钢制品厂,http:////www.11467.com/hefei/co/11858.htm
合肥宇轩玻璃钢制品厂的商铺,http://hefei011858.11467.com
中山市古镇丝密特硅胶制品销售部,http:////www.11467.com/zhongshan/co/152726.htm
中山市古镇丝密特硅胶制品销售部的商铺,http://zhongshan0152726.11467.com
淄博昌麟化工有限公司,http:////www.11467.com/zibo/co/87857.htm
淄博昌麟化工有限公司的商铺,http://zibo087857.11467.com
天津灯标涂料有限公司,http:////www.11467.com/tianjin/co/19139.htm
天津灯标涂料有限公司的商铺,http://tianjin019139.11467.com
东莞市鸿达皮具材料有限公司,http:////www.11467.com/dongguan/co/480714.htm
东莞市鸿达皮具材料有限公司的商铺,http://dongguan0480714.11467.com
天津天玉名商贸有限公司,http:////www.11467.com/tianjin/co/190188.htm
天津天玉名商贸有限公司的商铺,http://tianjin0190188.11467.com
上海树果化工科技有限公司,http:////www.11467.com/shanghai/co/1066518.htm
上海树果化工科技有限公司的商铺,http://shanghai01066518.11467.com
南阳邦得化工有限公司,http:////www.11467.com/qiye/93328102.htm
南阳邦得化工有限公司的商铺,http://93328102.b2b.11467.com
广州松柏化工有限公司,http:////www.11467.com/guangzhou/co/206242.htm
广州松柏化工有限公司的商铺,http://guangzhou0206242.11467.com
天津垦高国际贸易有限公司,http:////www.11467.com/tianjin/co/87416.htm
天津垦高国际贸易有限公司的商铺,http://tianjin087416.11467.com
天津市淇奥瑞恒商贸有限公司,http:////www.11467.com/tianjin/co/204033.htm
天津市淇奥瑞恒商贸有限公司的商铺,http://tianjin0204033.11467.com
仪征市格林曼化工有限公司,http:////www.11467.com/yangzhou/co/20394.htm
仪征市格林曼化工有限公司的商铺,http://yangzhou020394.11467.com
岳阳市英泰合成材料有限公司,http:////www.11467.com/yueyang/co/34031.htm
岳阳市恒顺化工科技有限公司,http:////www.11467.com/yueyang/co/34666.htm
中山市金诚胶业有限公司,http:////www.11467.com/zhongshan/co/112137.htm
珠海飞扬新材料股份有限公司,http:////www.11467.com/shenzhen/co/760781.htm
天辰化工有限公司,http:////www.11467.com/shihezi/co/6026.htm
黑龙江德盟塑胶机械有限公司,http:////www.11467.com/shuangyashang/co/9354.htm
合肥天健化工有限公司,http:////www.11467.com/hefei/co/100638.htm
胜利油田方圆防腐材料有限公司,http:////www.11467.com/dongying/co/31326.htm
安徽恒远化工有限公司,http:////www.11467.com/huangshan/co/13854.htm
六安正翰高分子材料化工有限公司,http:////www.11467.com/liuan/co/15839.htm
广州亚矽公司,http:////www.11467.com/meizhou/co/23817.htm
濮阳惠成电子材料股份有限公司,http:////www.11467.com/puyang/co/24115.htm
浙江威龙高分子材料有限公司,http:////www.11467.com/quzhou/co/24250.htm
常州市铭泰化工科技有限公司,http:////www.11467.com/changzhou/co/94673.htm
海城市旺胜化工燃料有限公司,http:////www.11467.com/anshan/co/74075.htm
科瑞易实业有限公司,http:////www.11467.com/anshun/co/8634.htm
大明玻璃微珠厂,http:////www.11467.com/baicheng/co/18612.htm
淄博海特曼化工有限公司,http:////www.11467.com/beihai/co/16280.htm
常州市兴诚高分子材料有限公司,http:////www.11467.com/changzhou/co/123256.htm
承德市摩顿铸石有限责任公司,http:////www.11467.com/chengde/co/23126.htm
承德金杲化学品厂,http:////www.11467.com/chengde/co/23154.htm
新赛德化工公司,http:////www.11467.com/chizhou/co/9051.htm
楚雄弘邦林化有限公司,http:////www.11467.com/chuxiong/co/13226.htm
大同市城区鑫达商店,http:////www.11467.com/datong/co/15440.htm
山西博奥化工有限公司,http:////www.11467.com/datong/co/16206.htm
如意鞋料加工厂,http:////www.11467.com/datong/co/15492.htm
吴兵　个体经营,http:////www.11467.com/daxinganling/co/3943.htm
达州市金星化工建材有限责任公司,http:////www.11467.com/dazhou/co/17629.htm
新疆蓝山屯河聚酯有限公司（营销部）,http:////www.11467.com/changji/co/12877.htm
常州天马集团有限公司（原建材二五三厂）,http:////www.11467.com/changzhou/co/122324.htm
东莞市赛恩思实业有限公司,http:////www.11467.com/dongguan/co/493530.htm
广西防城港市韩进化学材料有限公司,http:////www.11467.com/fangchenggang/co/6645.htm
浙江科缔实业有限公司四川分公司,http:////www.11467.com/guangyuan/co/16957.htm
广州市海珥玛植物油脂有限公司,http:////www.11467.com/guangzhou/co/174451.htm
广州市盛强化工有限公司,http:////www.11467.com/guangzhou/co/400191.htm
广州誉衡环保材料有限公司,http:////www.11467.com/guangzhou/co/464419.htm
广西贵港市隆金松脂厂,http:////www.11467.com/guigang/co/6811.htm
哈尔滨工程大学,http:////www.11467.com/haerbin/co/53168.htm
杭州中富彩新材料科技有限公司,http:////www.11467.com/hangzhou/co/311240.htm
源通商贸有限公司,http:////www.11467.com/hanzhong/co/22911.htm
鹤壁树脂厂,http:////www.11467.com/hebi/co/9686.htm
鹤岗市鹤旭玻璃钢厂,http:////www.11467.com/hegang/co/10292.htm
盛宏光电（惠州）有限公司,http:////www.11467.com/huizhou/co/78991.htm
江西省吉安市青源区富田化工厂,http:////www.11467.com/jian/co/16616.htm
龙兴贸易公司,http:////www.11467.com/jian/co/16619.htm
温岭市利仕达无纺布厂,http:////www.11467.com/taizhou/co/101478.htm
台州市路桥区法特尼涂料商行,http:////www.11467.com/taizhou/co/101821.htm
吉林森工通化胶粘剂分公司建筑胶分厂,http:////www.11467.com/tonghua/co/31873.htm
嘉乐士环保漆驻铜仁经销点,http:////www.11467.com/tongren/co/7702.htm
武汉市鑫华南化工有限公司,http:////www.11467.com/wuhan/co/107756.htm
无锡中凯达玻纤科技有限公司,http:////www.11467.com/wuxi/co/243449.htm
梧州市飞卓化工产品有限公司,http:////www.11467.com/wuzhou/co/17384.htm
广西梧州振鸿贸易公司,http:////www.11467.com/wuzhou/co/17382.htm
厦门尚亿树脂有限公司,http:////www.11467.com/xiamen/co/76917.htm
湘潭市三力化工有限公司,http:////www.11467.com/xiangtan/co/25903.htm
湖北艺腾建筑防水工程有限公司,http:////www.11467.com/xianning/co/13419.htm
江苏亚邦化工集团有限公司,http:////www.11467.com/xianyang/co/22760.htm
西宁市百事达蛋糕连锁店,http:////www.11467.com/xining/co/26869.htm
新乡市百信化工有限公司,http:////www.11467.com/xinxiang/co/26868.htm
新乡市瑞丰化工有限责任公司,http:////www.11467.com/xinxiang/co/5600.htm
徐州中亿有色金属有限公司,http:////www.11467.com/xuzhou/co/63831.htm
扬州普发安装防腐有限公司,http:////www.11467.com/yangzhou/co/88064.htm
岳阳市成达工贸有限公司,http:////www.11467.com/yueyang/co/34042.htm
岳阳杰特化工公司,http:////www.11467.com/yueyang/co/34026.htm
岳阳市杰特化工厂销售课,http:////www.11467.com/yueyang/co/34017.htm
岳阳市云溪鑫一化工厂,http:////www.11467.com/yueyang/co/34016.htm
岳阳科立孚合成材料有限公司,http:////www.11467.com/yueyang/co/34078.htm
岳阳凯镟工贸有限公司,http:////www.11467.com/yueyang/co/34051.htm
陕西靖边恒源玻纤制品有限公司,http:////www.11467.com/yulinshi/co/19904.htm
郑州市二七区隆泰化工商行,http:////www.11467.com/zhengzhou/co/170219.htm
中山富丽玻璃钢原料经营部,http:////www.11467.com/zhongshan/co/111356.htm
中山市古镇利得胶粘剂销售部,http:////www.11467.com/zhongshan/co/112139.htm
中山市沃龙贸易有限公司,http:////www.11467.com/zhongshan/co/112161.htm
中山天柏地坪装饰工程有限公司,http:////www.11467.com/zhongshan/co/112159.htm
中山市波顿胶业有限公司,http:////www.11467.com/zhongshan/co/111355.htm
珠海邦瑞合成材料有限公司,http:////www.11467.com/zhuhai/co/78198.htm
上海协承昌化工有限公司,http:////www.11467.com/shanghai/co/832456.htm
上海思盛聚合物材料有限公司,http:////www.11467.com/shanghai/co/428000.htm
新会汇通漆厂,http:////www.11467.com/jiangmen/co/99915.htm
嘉兴市杭星精细化工有限公司,http:////www.11467.com/jiaxing/co/122968.htm
楚昆化工科技公司,http:////www.11467.com/jingzhou/co/28374.htm
山西沃尔德聚氨酯科技有限公司,http:////www.11467.com/jinzhong/co/22403.htm
辽阳通达化工厂,http:////www.11467.com/liaoyang/co/23354.htm
辽阳市红河化工有限公司沈阳营销部,http:////www.11467.com/liaoyang/co/23352.htm
辽宁省辽阳市永兴树脂厂,http:////www.11467.com/liaoyang/co/23254.htm
山西木子商社,http:////www.11467.com/linfen/co/32686.htm
河南新权树脂有限公司,http:////www.11467.com/luohe/co/18233.htm
泸州迪邦化工有限公司,http:////www.11467.com/luzhou/co/18280.htm
天宇（牡丹江）环保材料有限公司,http:////www.11467.com/mudanjiang/co/49276.htm
南京古田化工有限公司,http:////www.11467.com/nanjing/co/104581.htm
南京源港精细化工有限公司,http:////www.11467.com/nanjing/co/151753.htm
辽宁华锦化工集团有限责任公司塑料制品公司,http:////www.11467.com/panjin/co/25332.htm
盘锦恺得利商贸有限公司,http:////www.11467.com/panjin/co/25346.htm
河南省建安防腐绝热有限公司,http:////www.11467.com/puyang/co/20885.htm
上饶县江维化工有限公司,http:////www.11467.com/shangrao/co/23109.htm
沈阳拜斯特复合材料有限公司,http:////www.11467.com/shenyang/co/75933.htm
深圳市富贵花实业有限公司,http:////www.11467.com/shenzhen/co/685558.htm
深圳市奥博创宇新材料有限公司,http:////www.11467.com/shenzhen/co/683809.htm
深圳市志海实业有限公司,http:////www.11467.com/shenzhen/co/680067.htm
石家庄市嘉彩化工涂料有限公司,http:////www.11467.com/shijiazhuang/co/101122.htm
十堰市沔润昌实业有限公司,http:////www.11467.com/shiyan/co/31025.htm
宁夏英力特化工股份有限公司（销售公司）,http:////www.11467.com/shizuishan/co/10013.htm
宁夏英力特化工股份有限公司销售分公司,http:////www.11467.com/shizuishan/co/10043.htm
吉林四平天成联合化工厂,http:////www.11467.com/siping/co/31841.htm
四平市同创电器制造有限公司,http:////www.11467.com/siping/co/31838.htm
铁岭市新锐玻璃钢制品厂,http:////www.11467.com/tieling/co/31876.htm
温州市中侨树脂化工实业公司,http:////www.11467.com/wenzhou/co/92511.htm
乌海龙兴冶矿开发公司,http:////www.11467.com/wuhai/co/4088.htm
乌海市君正商贸有限责任公司,http:////www.11467.com/wuhai/co/4105.htm
湖北彩龙涂料科技有限公司,http:////www.11467.com/wuhan/co/142596.htm
无锡洪汇新材料科技股份有限公司,http:////www.11467.com/wuxi/co/244866.htm
广西梧州振鸿贸易有限公司,http:////www.11467.com/wuzhou/co/17410.htm
北京卡本工程技术研究所有限公司,http:////www.11467.com/xian/co/56791.htm
中国赛龙科技有限公司销售部,http:////www.11467.com/xianyang/co/22761.htm
陈雍(个体经营）,http:////www.11467.com/xuchang/co/18824.htm
汇华化工助剂有限公司,http:////www.11467.com/xuchang/co/18807.htm
湖南省永州市鸿伟经贸有限公司,http:////www.11467.com/yongzhou/co/16924.htm
湖南海凌智控有限公司,http:////www.11467.com/yueyang/co/34070.htm
湖南省岳阳市岳阳楼区名赛涂料厂,http:////www.11467.com/yueyang/co/34013.htm
张家界市华伟胶粘剂厂,http:////www.11467.com/zhangjiajie/co/8227.htm
太尔胶粘剂（广东）有限公司,http:////www.11467.com/zhaoqing/co/29687.htm
中山市合力化工有限公司,http:////www.11467.com/zhongshan/co/125765.htm
自贡鸿源化工有限公司涂料分公司,http:////www.11467.com/zigong/co/22665.htm
四川自贡凤祥化工有限公司,http:////www.11467.com/zigong/co/22675.htm
北京龙苑伟业新材料有限公司,http:////www.11467.com/beijing/co/433561.htm
汉蔚(上海)有限公司,http:////www.11467.com/shanghai/co/668080.htm
上海新天和树脂有限公司,http:////www.11467.com/shanghai/co/128654.htm
天津晶东化学复合材料有限公司,http:////www.11467.com/tianjin/co/37951.htm
合肥鑫奥地坪工程有限公司,http:////www.11467.com/hefei/co/100369.htm
天津市奎青商贸有限公司,http:////www.11467.com/tianjin/co/146238.htm
天津通尼科技有限公司,http:////www.11467.com/tianjin/co/50505.htm
安阳市三元科技有限公司,http:////www.11467.com/anyang/co/30470.htm
长沙市太亚化工科技有限公司,http:////www.11467.com/changsha/co/119142.htm
常州市晨光树脂有限公司,http:////www.11467.com/changzhou/co/121274.htm
常州华日新材有限公司,http:////www.11467.com/changzhou/co/77042.htm
常州飞腾化工有限公司,http:////www.11467.com/changzhou/co/20148.htm
常州市华恬聚氨酯材料有限公司,http:////www.11467.com/changzhou/co/89051.htm
常州日新模塑科技有限公司,http:////www.11467.com/changzhou/co/141061.htm
常州市方鑫化工物资有限公司,http:////www.11467.com/changzhou/co/79840.htm
常州市源恩合成材料有限公司,http:////www.11467.com/changzhou/co/28743.htm
江苏柏鹤涂料有限公司,http:////www.11467.com/changzhou/co/115377.htm
安徽皖东化工有限公司,http:////www.11467.com/chuzhou/co/30521.htm
滁州市琅琊区五岳化学品商行,http:////www.11467.com/chuzhou/co/29280.htm
安徽省金盾涂料有限责任公司,http:////www.11467.com/chuzhou/co/10886.htm
四川得阳科技股份有限公司,http:////www.11467.com/deyang/co/20642.htm
东莞佳村商贸有限公司,http:////www.11467.com/dongguan/co/135386.htm
东莞汉星鞋材有限公司,http:////www.11467.com/dongguan/co/112190.htm
东莞市邦达化工有限公司,http:////www.11467.com/dongguan/co/374940.htm
东莞市创丰机电科技有限公司,http:////www.11467.com/dongguan/co/379484.htm
东莞市川田电子有限公司,http:////www.11467.com/dongguan/co/378249.htm
东莞市昊辉化工有限公司,http:////www.11467.com/dongguan/co/491027.htm
东莞市黑马化工有限公司,http:////www.11467.com/dongguan/co/19198.htm
东莞市三联科技实业有限公司,http:////www.11467.com/dongguan/co/171835.htm
东莞市金创化工贸易有限公司,http:////www.11467.com/dongguan/co/503860.htm
东莞市徽商化工有限公司,http:////www.11467.com/dongguan/co/224188.htm
东莞市瑞驰化工有限公司,http:////www.11467.com/dongguan/co/193983.htm
东莞市顺威化工有限公司,http:////www.11467.com/dongguan/co/374836.htm
东莞市英科水墨有限公司,http:////www.11467.com/dongguan/co/76176.htm
广东上九生物降解塑料有限公司,http:////www.11467.com/dongguan/co/127492.htm
东莞英铭化工有限公司,http:////www.11467.com/dongguan/co/18951.htm
惠州市三化电子绝缘材料有限公司,http:////www.11467.com/dongguan/co/379504.htm
东莞市金裕研磨机械有限公司,http:////www.11467.com/dongguan/co/497800.htm
东莞市润丽华实业有限公司,http:////www.11467.com/dongguan/co/199886.htm
东莞顺发装饰材料有限公司,http:////www.11467.com/dongguan/co/379427.htm
聚龙化工有限公司<东莞总销售部>,http:////www.11467.com/dongguan/co/506193.htm
景舜化工(东莞）有限公司,http:////www.11467.com/dongguan/co/175836.htm
东莞市樟木头行大塑胶原料经营部,http:////www.11467.com/dongguan/co/376128.htm
厦门坤信隆工贸有限公司,http:////www.11467.com/dongguan/co/377571.htm
东莞市旭联电子科技有限公司管理部,http:////www.11467.com/dongguan/co/374900.htm
广东佳景科技有限公司,http:////www.11467.com/dongguan/co/411670.htm
东莞市恒生机械制造有限公司,http:////www.11467.com/dongguan/co/102857.htm
山东汇金化工有限公司,http:////www.11467.com/dongying/co/34035.htm
佛山市高明区业晟聚氨酯有限公司,http:////www.11467.com/foshan/co/205023.htm
佛山市红树水性印涂材料有限公司,http:////www.11467.com/foshan/co/284005.htm
佛山市快高建材有限公司,http:////www.11467.com/foshan/co/115650.htm
佛山市高明同德化工有限公司,http:////www.11467.com/foshan/co/283964.htm
烟台龙彩新材料有限公司,http:////www.11467.com/yantai/co/176176.htm
广东东方一哥新材料股份有限公司,http:////www.11467.com/qiye/93308981.htm
佛山市三水灏诚合成树脂有限公司,http:////www.11467.com/foshan/co/341504.htm
佛山市顺德区创世纪实业有限公司,http:////www.11467.com/foshan/co/205098.htm
合众（佛山）化工有限公司,http:////www.11467.com/foshan/co/71411.htm
广东晨宝复合材料有限公司,http:////www.11467.com/foshan/co/339513.htm
江门市三木化工有限公司,http:////www.11467.com/foshan/co/282381.htm
南宝树脂（佛山）有限公司,http:////www.11467.com/foshan/co/282282.htm
佛山市元羽化工有限公司,http:////www.11467.com/foshan/co/283966.htm
搏胜贸易发展有限公司,http:////www.11467.com/guangzhou/co/398810.htm
广东科茂林产化工股份有限公司,http:////www.11467.com/guangzhou/co/204473.htm
广州市富圆行贸易有限公司,http:////www.11467.com/guangzhou/co/458212.htm
广州市华迪化工有限公司,http:////www.11467.com/guangzhou/co/169490.htm
广州创远化学材料有限公司,http:////www.11467.com/guangzhou/co/395249.htm
广州市振发贸易有限公司,http:////www.11467.com/guangzhou/co/399952.htm
广州市卓宇贸易有限公司,http:////www.11467.com/guangzhou/co/458213.htm
广州市欣圆密封材料有限公司,http:////www.11467.com/guangzhou/co/400222.htm
中国石油化工股份有限公司,http:////www.11467.com/guangzhou/co/427568.htm
贵阳金华恒化工有限公司,http:////www.11467.com/guiyang/co/71321.htm
哈尔滨安泰利达科技开发有限公司,http:////www.11467.com/haerbin/co/71571.htm
杭州建泰地坪科技有限公司,http:////www.11467.com/hangzhou/co/296189.htm
杭州维克特摩擦材料有限公司,http:////www.11467.com/hangzhou/co/125782.htm
浙江争光实业股份有限公司,http:////www.11467.com/hangzhou/co/271496.htm
黄山锦峰实业有限公司,http:////www.11467.com/huangshan/co/11023.htm
黄山市徽州康佳化工有限责任公司,http:////www.11467.com/huangshan/co/2978.htm
黄石市汇波防腐技术有限公司,http:////www.11467.com/huangshi/co/12457.htm
惠州市惠南实业有限公司,http:////www.11467.com/huizhou/co/97455.htm
江门国精合成材料有限公司,http:////www.11467.com/jiangmen/co/99755.htm
历下区金盛化工经营部,http:////www.11467.com/jinan/co/134155.htm
荆州市九天化工科技有限公司,http:////www.11467.com/jingzhou/co/23954.htm
山西宏远科技股份有限公司,http:////www.11467.com/jinzhong/co/25313.htm
廊坊紫光化工建材有限公司,http:////www.11467.com/langfang/co/23297.htm
河北廊坊万泰树脂营销部,http:////www.11467.com/langfang/co/46321.htm
甘肃阿甘达工贸有限公司,http:////www.11467.com/lanzhou/co/80356.htm
临沂市兰山区冠隆涂料有限公司,http:////www.11467.com/linyi/co/95044.htm
丽水市优耐克水性树脂科技有限公司,http:////www.11467.com/lishui/co/14285.htm
河南宏业化工有限公司,http:////www.11467.com/puyang/co/20872.htm
晋江市禾丰鞋材有限公司,http:////www.11467.com/quanzhou/co/131130.htm
沈阳市欣欣昌隆复合材料有限公司,http:////www.11467.com/shenyang/co/76010.htm
东莞市湛帆胶粘剂有限公司,http:////www.11467.com/shenzhen/co/245346.htm
江苏金马油脂科技发展有限公司,http:////www.11467.com/shenzhen/co/762844.htm
集科胶贴精密制品（深圳）有限公司,http:////www.11467.com/shenzhen/co/568255.htm
深圳市飞扬实业有限公司,http:////www.11467.com/shenzhen/co/272914.htm
深圳市汉龙科技开发有限公司,http:////www.11467.com/shenzhen/co/63378.htm
深圳市湐力美环保材料有限公司,http:////www.11467.com/shenzhen/co/586704.htm
深圳市美地城科技有限公司,http:////www.11467.com/shenzhen/co/682553.htm
深圳市业旭实业有限公司,http:////www.11467.com/shenzhen/co/241166.htm
深圳市景龙泉过滤技术开发公司,http:////www.11467.com/shenzhen/co/768338.htm
深圳市一鸣化工有限公司,http:////www.11467.com/shenzhen/co/52628.htm
深圳市一鸣讯科技有限公司<今日有机硅>,http:////www.11467.com/shenzhen/co/684968.htm
深圳凯司姆科技有限公司-销售部,http:////www.11467.com/shenzhen/co/430593.htm
深圳市亚鹰科技有限公司,http:////www.11467.com/shenzhen/co/71123.htm
上海科川贸易有限公司,http:////www.11467.com/shanghai/co/538991.htm
广州市荣天豪油墨涂料有限公司,http:////www.11467.com/guangzhou/co/48500.htm
淄博瑞诺化工科技有限公司,http:////www.11467.com/zibo/co/93299.htm
深圳市信意胶业有限公司业务部,http:////www.11467.com/shenzhen/co/372875.htm
深圳思创尔实业有限公司,http:////www.11467.com/shenzhen/co/683875.htm
深圳众鸿达科技有限公司,http:////www.11467.com/shenzhen/co/781772.htm
石家庄市新华区鑫隆玻璃钢制品经济技术开发部,http:////www.11467.com/shijiazhuang/co/138346.htm
石家庄市正茂树脂化工有限责任公司,http:////www.11467.com/shijiazhuang/co/18628.htm
可隆化工（苏州)有限公司,http:////www.11467.com/suzhou/co/153917.htm
苏州杰旭锦电子材料有限公司,http:////www.11467.com/suzhou/co/225871.htm
苏州工业园区宏创机电设备工程有限公司,http:////www.11467.com/suzhou/co/135996.htm
苏州宇川化工贸易有限公司,http:////www.11467.com/suzhou/co/317788.htm
上海三银制漆有限公司,http:////www.11467.com/weifang/co/89684.htm
温州市中侨高分子新材料实业公司,http:////www.11467.com/wenzhou/co/169510.htm
武汉银彩科技有限公司,http:////www.11467.com/wuhan/co/89664.htm
武汉川化科技有限公司,http:////www.11467.com/wuhan/co/141966.htm
安徽神剑新材料有限公司,http:////www.11467.com/wuhu/co/24615.htm
江苏天竹化工科技有限公司,http:////www.11467.com/wuxi/co/244398.htm
京瓷化学(无锡)有限公司,http:////www.11467.com/wuxi/co/187871.htm
溧阳市乔迪塑料有限公司,http:////www.11467.com/wuxi/co/214918.htm
无锡金聚裕油脂有限公司,http:////www.11467.com/wuxi/co/235260.htm
无锡万博涂料化工有限公司,http:////www.11467.com/wuxi/co/56653.htm
厦门成大进出口贸易有限公司,http:////www.11467.com/xiamen/co/40221.htm
西安友基复合材料有限公司,http:////www.11467.com/xian/co/87010.htm
新余市国美化工建材中心,http:////www.11467.com/xinyu/co/7453.htm
大丰永盛海绵制品有限公司,http:////www.11467.com/yancheng/co/78395.htm
江苏联环药业股份有限公司,http:////www.11467.com/yangzhou/co/4652.htm
扬州市政兴树脂有限公司,http:////www.11467.com/yangzhou/co/106710.htm
弘意塑粉有限公司,http:////www.11467.com/yantai/co/156375.htm
漳州亚邦化学有限公司,http:////www.11467.com/zhangzhou/co/24051.htm
肇庆市端化离子树脂有限公司,http:////www.11467.com/zhaoqing/co/4257.htm
郑州市兆大商贸有限责任公司,http:////www.11467.com/zhengzhou/co/173518.htm
郑州市瑞德建材有限公司,http:////www.11467.com/zhengzhou/co/145935.htm
郑州凌奥贸易有限公司,http:////www.11467.com/zhengzhou/co/139972.htm
中山市港晋模具配件有限公司,http:////www.11467.com/zhongshan/co/143786.htm
中山市杰事达精细化工有限公司,http:////www.11467.com/zhongshan/co/125796.htm
中山市华通包装材料有限公司 业务部,http:////www.11467.com/zhongshan/co/111501.htm
卡德莱化工（珠海）有限公司,http:////www.11467.com/zhuhai/co/86280.htm
淄博张店东方化学股份有限公司,http:////www.11467.com/zibo/co/51317.htm
淄博鲁凯树脂有限公司,http:////www.11467.com/zibo/co/85821.htm
北京林氏精化新材料有限公司,http:////www.11467.com/beijing/co/214425.htm
广州原野实业有限公司,http:////www.11467.com/beijing/co/223929.htm
上海大宝化工制品有限公司,http:////www.11467.com/shanghai/co/809862.htm
天津辛德玛悬浮剂有限公司,http:////www.11467.com/tianjin/co/196528.htm
河南沃硅有机硅应用技术开发有限公司,http:////www.11467.com/zhengzhou/co/190335.htm
浙江凯斯特新材料有限公司,http:////www.11467.com/quzhou/co/36695.htm
天津天诚拓源科技发展有限公司,http:////www.11467.com/tianjin/co/303653.htm
天津美亚化工有限公司,http:////www.11467.com/tianjin/co/306931.htm
西安蓝晓科技新材料股份有限公司,http:////www.11467.com/xian/co/137629.htm
珠海长先新材料科技股份有限公司,http:////www.11467.com/zhuhai/co/103843.htm
深圳市千住金属电子有限公司,http:////www.11467.com/shenzhen/co/758048.htm
沈阳鲜众聚氨酯有限公司,http:////www.11467.com/shenyang/co/54077.htm
潍坊富乐新材料有限公司,http:////www.11467.com/jinan/co/133635.htm
启东市凌云金属表面喷涂厂,http:////www.11467.com/nantong/co/140534.htm
中山市千佑化学材料有限公司,http:////www.11467.com/zhongshan/co/152666.htm
安庆鸿源化工有限责任公司,http:////www.11467.com/anqing/co/670.htm
保定东明树脂化工有限公司,http:////www.11467.com/baoding/co/5760.htm
蚌埠飞浦科技包装材料有限公司,http:////www.11467.com/bengbu/co/14109.htm
安徽皖东树脂科技有限公司,http:////www.11467.com/bengbu/co/28330.htm
蚌埠市九华油脂有限公司,http:////www.11467.com/bengbu/co/32946.htm
蚌埠鑫源石英材料有限公司,http:////www.11467.com/bengbu/co/35712.htm
河间市泰亨保温材料有限公司,http:////www.11467.com/cangzhou/co/29867.htm
河北凯瑞化工有限公司,http:////www.11467.com/cangzhou/co/43903.htm
东光县华力铸造材料厂,http:////www.11467.com/cangzhou/co/9805.htm
凯瑞化工有限责任公司,http:////www.11467.com/cangzhou/co/31097.htm
东光县金福达油脂有限公司,http:////www.11467.com/cangzhou/co/48177.htm
任丘市华盛保温材料有限公司,http:////www.11467.com/cangzhou/co/31072.htm
河间市百珂达化工建材有限公司,http:////www.11467.com/cangzhou/co/52856.htm
岳阳市新金盛工贸有限公司,http:////www.11467.com/changsha/co/98831.htm
常州灵发玻钢材料有限公司,http:////www.11467.com/changzhou/co/94681.htm
常州灵通复合材料有限公司,http:////www.11467.com/changzhou/co/121542.htm
常州晨宇复合材料有限公司,http:////www.11467.com/changzhou/co/121225.htm
常州求异物资有限公司,http:////www.11467.com/changzhou/co/122274.htm
常州新区南极新技术开发有限公司,http:////www.11467.com/changzhou/co/89449.htm
江苏亚邦涂料股份有限公司-销售科,http:////www.11467.com/changzhou/co/121464.htm
常州市兴隆化工有限公司,http:////www.11467.com/changzhou/co/122014.htm
江苏亚邦集团公司,http:////www.11467.com/changzhou/co/38692.htm
常州市智通树脂有限公司,http:////www.11467.com/changzhou/co/121381.htm
江苏艾菲环保设备有限公司,http:////www.11467.com/changzhou/co/150087.htm
江苏亚邦涂料股份有限公司-营销科,http:////www.11467.com/changzhou/co/121358.htm
江苏海翔化工有限公司,http:////www.11467.com/changzhou/co/148381.htm
常州市国钧化工有限公司,http:////www.11467.com/changzhou/co/1695.htm
常州市尚科特种高分子材料有限公司,http:////www.11467.com/changzhou/co/121853.htm
常州市康宏装饰材料有限公司,http:////www.11467.com/changzhou/co/54228.htm
南京中侨久盛化工有限公司,http:////www.11467.com/changzhou/co/122099.htm
江苏亚邦涂料股份有限公司销售科,http:////www.11467.com/changzhou/co/121463.htm
常州市延陵德邦涂料厂,http:////www.11467.com/changzhou/co/13560.htm
溧阳市永芳化工有限公司,http:////www.11467.com/changzhou/co/43739.htm
南方合成材料有限公司,http:////www.11467.com/changzhou/co/149567.htm
常州优锐高分子材料有限公司,http:////www.11467.com/changzhou/co/148409.htm
常州市大江树脂有限公司,http:////www.11467.com/changzhou/co/17988.htm
常州市华润复合材料有限公司,http:////www.11467.com/changzhou/co/75698.htm
江苏盈天化学有限公司,http:////www.11467.com/changzhou/co/116341.htm
兴隆县兴达工业粘结材料厂,http:////www.11467.com/chengde/co/28533.htm
成都炳泰化工原料有限公司,http:////www.11467.com/chengdu/co/212314.htm
成都华峰聚氨酯有限公司,http:////www.11467.com/chengdu/co/131727.htm
成都永亮化工有限责任公司,http:////www.11467.com/chengdu/co/26965.htm
天长市嘉豪电子材料厂,http:////www.11467.com/chuzhou/co/23686.htm
大连玻璃钢总厂,http:////www.11467.com/dalian/co/60465.htm
大连芯拓光电有限公司,http:////www.11467.com/dalian/co/60824.htm
春金（东莞）油脂工业有限公司,http:////www.11467.com/dongguan/co/421740.htm
东莞市宝涵轻工科技有限公司,http:////www.11467.com/dongguan/co/479006.htm
东莞超强化工有限公司,http:////www.11467.com/dongguan/co/379135.htm
东莞石龙聚龙化工有很公司,http:////www.11467.com/dongguan/co/374860.htm
东莞启明工业材料有限公司,http:////www.11467.com/dongguan/co/378097.htm
东莞市爱地建筑材料有限公司-业务部,http:////www.11467.com/dongguan/co/379118.htm
东莞市阿比亚能源科技有限公司,http:////www.11467.com/dongguan/co/374857.htm
东莞市明聚塑胶有限公司,http:////www.11467.com/dongguan/co/19421.htm
东莞市力多电子材料有限公司,http:////www.11467.com/dongguan/co/32769.htm
东莞市东豪树脂有限公司,http:////www.11467.com/dongguan/co/94788.htm
东莞市鼎源实业有限公司,http:////www.11467.com/dongguan/co/108878.htm
东莞市博力斯玻璃纤维有限公司,http:////www.11467.com/dongguan/co/376495.htm
东莞市科惠工业材料有限公司总部,http:////www.11467.com/dongguan/co/379217.htm
东莞市常平信鸿文具店,http:////www.11467.com/dongguan/co/378338.htm
东莞乔越贸易有限公司,http:////www.11467.com/dongguan/co/376030.htm
东莞卜兰建材科技有限公司,http:////www.11467.com/dongguan/co/376953.htm
东莞市芙蓉化工有限公司,http:////www.11467.com/dongguan/co/18860.htm
东莞市长安泓盛五金鞋材加工厂,http:////www.11467.com/dongguan/co/98336.htm
創業塑化原料有限公司,http:////www.11467.com/dongguan/co/379462.htm
东莞市贺利电子科技有限公司,http:////www.11467.com/dongguan/co/121884.htm
东莞市赛璞实业有限公司,http:////www.11467.com/dongguan/co/480478.htm
东莞市竣成化工有限公司,http:////www.11467.com/dongguan/co/18513.htm
东莞市黄江镇业成电子材料经营部,http:////www.11467.com/dongguan/co/378605.htm
东莞市艺彩化工有限公司,http:////www.11467.com/dongguan/co/379359.htm
东莞市海量海棉制品有限公司,http:////www.11467.com/dongguan/co/322509.htm
东莞宏德化学工业有限公司/东莞瑞安高分子树脂有限公司,http:////www.11467.com/dongguan/co/375389.htm
东莞市秀泓净化科技有限公司,http:////www.11467.com/dongguan/co/379379.htm
东莞市翔昌化工有限公司,http:////www.11467.com/dongguan/co/467739.htm
东莞市世海电子有限公司 销售部,http:////www.11467.com/dongguan/co/171737.htm
东莞市顺威粘合剂有限公司(业务部）,http:////www.11467.com/dongguan/co/375142.htm
东莞市黄江多泰建材五金销售部,http:////www.11467.com/dongguan/co/378023.htm
东莞兆舜有机硅新材料科技有限公司,http:////www.11467.com/dongguan/co/347619.htm
东莞市展翼胶粘制品有限公司,http:////www.11467.com/dongguan/co/143783.htm
东莞市展翼化工科技有限公司,http:////www.11467.com/dongguan/co/378904.htm
东莞市至诚涂料有限公司,http:////www.11467.com/dongguan/co/13335.htm
东莞市宏春化工有限公司,http:////www.11467.com/dongguan/co/173081.htm
东莞市信鸿企业有限公司,http:////www.11467.com/dongguan/co/378328.htm
东莞市万江南邦粘胶剂经营部,http:////www.11467.com/dongguan/co/377831.htm
东莞市伟科宁胶粘有限公司,http:////www.11467.com/dongguan/co/375640.htm
华富国际贸易(深圳)有限公司开发部,http:////www.11467.com/dongguan/co/377871.htm
德州美平铸造材料有限公司,http:////www.11467.com/dezhou/co/51193.htm
山东煜皓油脂有限公司,http:////www.11467.com/dezhou/co/40948.htm
陵县华兴精密铸造有限公司,http:////www.11467.com/dezhou/co/49655.htm
武城县华安油脂有限公司,http:////www.11467.com/dezhou/co/40064.htm
夏津县新祥润油脂有限公司,http:////www.11467.com/dezhou/co/44116.htm
博德实业有限公司销售1部,http:////www.11467.com/dongguan/co/378147.htm
佰泰实业有限公司市场部,http:////www.11467.com/dongguan/co/375335.htm
EPMC工艺品材料厂,http:////www.11467.com/dongguan/co/375800.htm
EPMC灯饰材料厂,http:////www.11467.com/dongguan/co/375799.htm
德益威粘合剂(广东)有限公司,http:////www.11467.com/dongguan/co/377873.htm
嘉鑫绝缘材料有限公司,http:////www.11467.com/dongguan/co/378719.htm
聚氨酯鞋底原液公司,http:////www.11467.com/dongguan/co/376320.htm
华特优实业有限公司,http:////www.11467.com/dongguan/co/376387.htm
荣扬树脂厂,http:////www.11467.com/dongguan/co/377207.htm
广盛(东莞)塑胶原材料有限公司,http:////www.11467.com/dongguan/co/374760.htm
瑞洲树脂(东莞)有限公司,http:////www.11467.com/dongguan/co/13951.htm
新科立高分子有限公司（生产与营销）,http:////www.11467.com/dongguan/co/375597.htm
上海耀盾装饰材料有限公司,http:////www.11467.com/dongguan/co/374872.htm
東莞市星龍電子材料有限公司,http:////www.11467.com/dongguan/co/334978.htm
泰昌石油化工贸易有限公司,http:////www.11467.com/dongguan/co/377902.htm
东莞元泰离型剂热熔胶厂,http:////www.11467.com/dongguan/co/376242.htm
东莞市樟木头骏风塑胶原料经营部,http:////www.11467.com/dongguan/co/374732.htm
东莞市发扬实业有限公司,http:////www.11467.com/dongguan/co/218930.htm
南方海睿树脂有限公司,http:////www.11467.com/dongguan/co/378265.htm
台湾耀骅化学企业有限公司东莞分公司,http:////www.11467.com/dongguan/co/288175.htm
永固绝缘材料有限公司市场部,http:////www.11467.com/dongguan/co/378591.htm
永诚绝缘材料有限公司市场部,http:////www.11467.com/dongguan/co/377623.htm
东莞德福玛聚氨酯科技有限公司,http:////www.11467.com/dongguan/co/305637.htm
韩国 HS CHEM(株) 公司,http:////www.11467.com/dongguan/co/495816.htm
合力工贸有限公司(东莞市办事处),http:////www.11467.com/dongguan/co/499483.htm
永泰實業有限公司,http:////www.11467.com/dongguan/co/377789.htm
清远永兴塑料填料厂东莞分公司,http:////www.11467.com/dongguan/co/374919.htm
竑立电子有限公司,http:////www.11467.com/dongguan/co/375409.htm
东莞市长安湘徽电子材料经营部,http:////www.11467.com/dongguan/co/377065.htm
东莞市友邦新材料科技有限公司,http:////www.11467.com/dongguan/co/76397.htm
广东东莞市石排华创电子材料厂,http:////www.11467.com/dongguan/co/378594.htm
东莞市竑立电子有限公司 销售部,http:////www.11467.com/dongguan/co/375410.htm
广东省东莞市塘厦田心工业区碳盈复合材料股份有限公司,http:////www.11467.com/dongguan/co/375034.htm
力同化工（佛山）有限公司,http:////www.11467.com/dongguan/co/402215.htm
山东广饶信和化工有限公司,http:////www.11467.com/dongying/co/42148.htm
承欣塑料助剂有限公司,http:////www.11467.com/foshan/co/284040.htm
宝力树脂有限公司,http:////www.11467.com/foshan/co/265749.htm
大盈化工有限公司,http:////www.11467.com/foshan/co/282457.htm
佛山市潮邦贸易有限公司,http:////www.11467.com/foshan/co/281458.htm
佛山市南海区常活化工树脂有限公司,http:////www.11467.com/foshan/co/281443.htm
佛山三井化学聚氨酯有限公司,http:////www.11467.com/foshan/co/311505.htm
佛山市南海龙赢化工贸易有限公司,http:////www.11467.com/foshan/co/189462.htm
佛山市顺德区海明思化工实业有限公司,http:////www.11467.com/foshan/co/284030.htm
佛山市饰之道涂料有限公司,http:////www.11467.com/foshan/co/263179.htm
佛山市顺德区华夏明珠化工有限公司,http:////www.11467.com/foshan/co/282611.htm
佛山市协通橡塑制品有限公司,http:////www.11467.com/foshan/co/13455.htm
佛山市奕美化工有限公司,http:////www.11467.com/foshan/co/305748.htm
佛山威晶电子材料有限公司,http:////www.11467.com/foshan/co/343050.htm
中山市东升镇汇力化工厂,http:////www.11467.com/foshan/co/160036.htm
江门市国美化工有限公司,http:////www.11467.com/foshan/co/282082.htm
珂迪树脂（广州）有限公司,http:////www.11467.com/foshan/co/283230.htm
峻澄贸易有限公司,http:////www.11467.com/foshan/co/341522.htm
长乐来得福油脂有限公司,http:////www.11467.com/fuzhou/co/178896.htm
福州华麒进出口有限公司,http:////www.11467.com/fuzhou/co/66659.htm
福州百盛精细化学品有限公司,http:////www.11467.com/fuzhou/co/103561.htm
广州得力佳复合材料有限公司,http:////www.11467.com/guangzhou/co/398934.htm
东曹（广州）化工有限公司,http:////www.11467.com/guangzhou/co/396798.htm
广州金犁皮革有限公司,http:////www.11467.com/guangzhou/co/399001.htm
广州利晟贸易有限公司,http:////www.11467.com/guangzhou/co/171788.htm
广州联洁贸易有限公司,http:////www.11467.com/guangzhou/co/94359.htm
广州擎天新材料研究开发有限公司,http:////www.11467.com/guangzhou/co/396713.htm
广州科创表面技术有限公司,http:////www.11467.com/guangzhou/co/394665.htm
广州市白云区黄石嘉美利汽车配件行,http:////www.11467.com/guangzhou/co/399960.htm
北京燕山新世纪工贸有限公司,http:////www.11467.com/guangzhou/co/245647.htm
博罗县福田镇利林林产化工厂,http:////www.11467.com/guangzhou/co/473085.htm
广州和兴树脂有限公司,http:////www.11467.com/guangzhou/co/394613.htm
广州睿恒石油化工有限公司-业务部,http:////www.11467.com/guangzhou/co/173556.htm
广州市凌升化工有限公司,http:////www.11467.com/guangzhou/co/397362.htm
广州德汇化工科技有限公司,http:////www.11467.com/guangzhou/co/399998.htm
广东省林产工业公司,http:////www.11467.com/guangzhou/co/76106.htm
广州明胶豊业有限公司,http:////www.11467.com/guangzhou/co/396724.htm
广州市汉唐新材料有限公司,http:////www.11467.com/guangzhou/co/467060.htm
广州市鸿鹄胶粘材料科技有限公司,http:////www.11467.com/guangzhou/co/210790.htm
广州市奥吉斯新材料有限公司,http:////www.11467.com/guangzhou/co/45468.htm
广州市德麓聚氨酯科技有限公司,http:////www.11467.com/guangzhou/co/400113.htm
广州市德化贸易有限公司,http:////www.11467.com/guangzhou/co/317165.htm
广州星惠工业材料有限公司,http:////www.11467.com/guangzhou/co/399074.htm
广州旭驰贸易有限公司,http:////www.11467.com/guangzhou/co/398471.htm
广州市远信皮革商行,http:////www.11467.com/guangzhou/co/169953.htm
广州市新晔贸易有限公司,http:////www.11467.com/guangzhou/co/400079.htm
广州市耐力密封胶有限公司,http:////www.11467.com/guangzhou/co/397417.htm
广州市晟亿化工贸易有限公司,http:////www.11467.com/guangzhou/co/398429.htm
广州市番禺区邦腾化工有限责任公司,http:////www.11467.com/guangzhou/co/400226.htm
广州显容有限公司,http:////www.11467.com/guangzhou/co/399281.htm
江西松泰环保树脂有限公司广州办事处,http:////www.11467.com/guangzhou/co/397655.htm
广州市天河区大观铭科实验仪器经营部,http:////www.11467.com/guangzhou/co/127406.htm
广州市祥富贸易商行,http:////www.11467.com/guangzhou/co/317986.htm
汉高（中国）有限公司,http:////www.11467.com/guangzhou/co/394932.htm
广州市粤阳化工有限公司,http:////www.11467.com/guangzhou/co/325363.htm
薏博贸易公司,http:////www.11467.com/guangzhou/co/396523.htm
广州熵能聚合物技术有限公司,http:////www.11467.com/guangzhou/co/198428.htm
广州市祥运贸易有限公司,http:////www.11467.com/guangzhou/co/397239.htm
江门昊毅化工有限公司,http:////www.11467.com/guangzhou/co/458214.htm
欧普帝有限公司,http:////www.11467.com/guangzhou/co/396819.htm
广州市优利化工有限公司,http:////www.11467.com/guangzhou/co/458103.htm
镇江柏穗化工有限责任公司,http:////www.11467.com/guangzhou/co/400151.htm
三富(台湾)化工企业.广州佛利兴贸易有限公司,http:////www.11467.com/guangzhou/co/398217.htm
哈尔滨福润德经贸有限责任公司,http:////www.11467.com/haerbin/co/28722.htm
哈尔滨威斯康地坪公司,http:////www.11467.com/haerbin/co/58729.htm
哈尔滨鑫达高分子材料有限公司,http:////www.11467.com/haerbin/co/58647.htm
黑龙江省石油化学研究院,http:////www.11467.com/haerbin/co/14809.htm
哈尔滨市长河特种涂料厂有限责任公司,http:////www.11467.com/haerbin/co/58371.htm
鸡泽县泽瑞染料化工有限公司,http:////www.11467.com/handan/co/68423.htm
邯郸市龙杰油脂有限公司,http:////www.11467.com/handan/co/65847.htm
河北现代化工回收有限公司,http:////www.11467.com/handan/co/68836.htm
淮北市天成油脂有限责任公司,http:////www.11467.com/huaibei/co/15551.htm
淮北金久新型材料有限公司,http:////www.11467.com/huaibei/co/8625.htm
淮南市永才糠粕油脂有限公司,http:////www.11467.com/huainan/co/18092.htm
凤台县福利化工厂,http:////www.11467.com/huainan/co/6471.htm
淮南市金海达树脂有限责任公司,http:////www.11467.com/huainan/co/7897.htm
安徽省黄山市徽州康佳化工有限责任公司,http:////www.11467.com/huangshan/co/13913.htm
黄山市强路新材料有限公司,http:////www.11467.com/huangshan/co/17722.htm
黄山市恒泰化工有限公司,http:////www.11467.com/huangshan/co/2972.htm
黄山新佳精细材料有限公司,http:////www.11467.com/huangshan/co/13891.htm
黄山贝诺科技有限公司（营销部）,http:////www.11467.com/huangshan/co/13874.htm
明盛波丽艺品材料专卖行,http:////www.11467.com/huizhou/co/78957.htm
宏鑫树脂工艺品材料有限公司,http:////www.11467.com/huizhou/co/96799.htm
湖州织里荣兴达铝业有限公司,http:////www.11467.com/huzhou/co/5871.htm
江西福达香料化工有限公司,http:////www.11467.com/jian/co/2474.htm
江门市新会柏图美涂料有限公司,http:////www.11467.com/jiangmen/co/82690.htm
台山广安霖化工有限公司,http:////www.11467.com/jiangmen/co/79574.htm
江门市蓬江区中升化工有限公司,http:////www.11467.com/jiangmen/co/99614.htm
兴隆化学有限公司,http:////www.11467.com/jiangmen/co/114686.htm
沁阳市科力宏业化工有限公司,http:////www.11467.com/jiaozuo/co/8324.htm
嘉兴市丰丰助剂厂,http:////www.11467.com/jiaxing/co/11715.htm
嘉善县仁鑫胶粘剂厂,http:////www.11467.com/jiaxing/co/68969.htm
浙江嘉民塑胶有限公司,http:////www.11467.com/jiaxing/co/90199.htm
嘉兴市清洋化学有限公司,http:////www.11467.com/jiaxing/co/74748.htm
浙江周氏滴塑工艺有限公司,http:////www.11467.com/jinhua/co/126833.htm
山东济宁市山化有机硅科技发展有限公司,http:////www.11467.com/jining/co/73412.htm
锦州市远程化工有限公司,http:////www.11467.com/jinzhou/co/7619.htm
九江力山环保科技有限公司,http:////www.11467.com/jiujiang/co/23463.htm
开封市黎明绝缘灌封胶厂,http:////www.11467.com/kaifeng/co/9054.htm
莱芜市莱能工业树脂有限公司,http:////www.11467.com/laiwu/co/6337.htm
大城县圣达化工建材有限公司,http:////www.11467.com/langfang/co/47001.htm
廊坊黎明气体有限公司,http:////www.11467.com/langfang/co/3037.htm
大城县杜权村昊华化工建材销售部,http:////www.11467.com/langfang/co/46324.htm
廊坊市震恒保温材料有限公司,http:////www.11467.com/langfang/co/47933.htm
河北万高化工建材有限公司,http:////www.11467.com/langfang/co/44703.htm
大城县权村金昊化工销售部,http:////www.11467.com/langfang/co/45931.htm
杭州汇华树脂有限公司,http:////www.11467.com/hangzhou/co/369215.htm
杭州万景新材料有限公司销售2部,http:////www.11467.com/hangzhou/co/266157.htm
杭州嘉源化工有限公司,http:////www.11467.com/hangzhou/co/62974.htm
杭州秀柏地坪工程有限公司,http:////www.11467.com/hangzhou/co/296215.htm
杭州兴达特种橡胶有限公司(供销部）,http:////www.11467.com/hangzhou/co/295577.htm
杭州天束武水处理技术有限公司,http:////www.11467.com/hangzhou/co/370283.htm
杭州美帝亚海绵胶垫有限公司,http:////www.11467.com/hangzhou/co/271595.htm
苏州三益建材有限公司,http:////www.11467.com/hefei/co/103789.htm
河北省武强县滏新化工厂,http:////www.11467.com/hengshui/co/6833.htm
河北汇鑫玻璃钢有限公司,http:////www.11467.com/hengshui/co/34306.htm
化工管道配件厂,http:////www.11467.com/hengshui/co/24398.htm
湖南省湘衡盐矿,http:////www.11467.com/hengyang/co/27737.htm
定陶恒佳油脂有限公司,http:////www.11467.com/heze/co/28157.htm
淮安市楚宝油脂有限公司,http:////www.11467.com/huaian/co/45715.htm
淮安德和惠尔化工有限公司,http:////www.11467.com/huaian/co/40084.htm
河北万高化工建材有限公司,http:////www.11467.com/langfang/co/44703.htm
大城县权村金昊化工销售部,http:////www.11467.com/langfang/co/45931.htm
大城县鑫光化工建材有限公司,http:////www.11467.com/langfang/co/46694.htm
大城县鑫光化工有限公司,http:////www.11467.com/langfang/co/42840.htm
山东兴盛环保材料有限公司,http:////www.11467.com/liaocheng/co/45616.htm
临沭彩意塑粉材料有限公司,http:////www.11467.com/linyi/co/96389.htm
浙江耐和实业有限公司,http:////www.11467.com/lishui/co/20685.htm
洛阳华珩耐火材料有限公司,http:////www.11467.com/luoyang/co/59811.htm
茂名市海德宝化工漆业有限公司,http:////www.11467.com/maoming/co/33048.htm
绵阳惠利电子材料有限公司业务部,http:////www.11467.com/mianyang/co/37778.htm
江西通乾实业有限公司,http:////www.11467.com/nanchang/co/93587.htm
江西省天树科技有限责任公司,http:////www.11467.com/nanchang/co/108023.htm
江苏瀚博化工有限公司,http:////www.11467.com/nanjing/co/103885.htm
江苏金宏涂料有限公司,http:////www.11467.com/nanjing/co/154096.htm
江苏省化工研究所有限公司,http:////www.11467.com/nanjing/co/10707.htm
江苏钟山化工有限公司,http:////www.11467.com/nanjing/co/103921.htm
南京方润地坪有限公司,http:////www.11467.com/nanjing/co/155920.htm
金陵帝斯曼树脂有限公司,http:////www.11467.com/nanjing/co/91944.htm
南京硅越化工有限公司-销售部,http:////www.11467.com/nanjing/co/89995.htm
南京彤天广元高分子材料有限公司,http:////www.11467.com/nanjing/co/156998.htm
南京市大厂物资总公司,http:////www.11467.com/nanjing/co/104424.htm
南京溧水华南树脂有限公司,http:////www.11467.com/nanjing/co/105296.htm
南京亿祥化工有限公司,http:////www.11467.com/nanjing/co/105113.htm
广西国邑工贸有限公司,http:////www.11467.com/nanning/co/75031.htm
江苏文凤化纤集团有限公司,http:////www.11467.com/nantong/co/138400.htm
南通天和树脂有限公司,http:////www.11467.com/nantong/co/79974.htm
中格复合材料（南通）有限公司,http:////www.11467.com/nantong/co/101071.htm
南通震坤油脂有限公司,http:////www.11467.com/nantong/co/130824.htm
宁波北仑区建恒地坪工程有限公司,http:////www.11467.com/ningbo/co/66865.htm
广州永特耐木胶贸易有限公司,http:////www.11467.com/ningbo/co/134538.htm
宁波市镇海申 鸿塑胶厂,http:////www.11467.com/ningbo/co/134271.htm
宁波甬华树脂有限公司,http:////www.11467.com/ningbo/co/9205.htm
甬华树脂有限公司,http:////www.11467.com/ningbo/co/134269.htm
宁波甬华树脂有限责任公司,http:////www.11467.com/ningbo/co/134581.htm
宁波诺尔丽化学科技有限公司,http:////www.11467.com/ningbo/co/134195.htm
福建洪洋集团有限公司,http:////www.11467.com/putian/co/17036.htm
濮阳市宏亚新兴防水防腐有限公司,http:////www.11467.com/puyang/co/20918.htm
濮阳市台原体育设施有限公司,http:////www.11467.com/puyang/co/16064.htm
青岛山川物资有限公司,http:////www.11467.com/qingdao/co/77686.htm
青岛亿方达实业发展有限公司,http:////www.11467.com/qingdao/co/116050.htm
福建南光轻工有限公司,http:////www.11467.com/quanzhou/co/111624.htm
福建省德化县嵩峰树脂有限公司,http:////www.11467.com/quanzhou/co/130070.htm
泉州特米斯高环保科技有限公司,http:////www.11467.com/quanzhou/co/124931.htm
奥仕集团有限公司,http:////www.11467.com/quzhou/co/34193.htm
福建省宁化县利丰化工有限公司,http:////www.11467.com/sanming/co/5916.htm
沙县胜鑫化工有限公司,http:////www.11467.com/sanming/co/36201.htm
商丘市博大化工有限公司,http:////www.11467.com/shangqiu/co/3204.htm
南雄市好田化工有限公司,http:////www.11467.com/shaoguan/co/27864.htm
南雄市鼎好光化科技有限公司,http:////www.11467.com/shaoguan/co/29417.htm
赛利实业有限公司,http:////www.11467.com/shaoxing/co/120389.htm
绍兴市辰星聚氨酯有限公司,http:////www.11467.com/shaoxing/co/42375.htm
绍兴市海燕聚氨酯有限公司,http:////www.11467.com/shaoxing/co/82628.htm
沈阳铁西防腐材料配制厂,http:////www.11467.com/shenyang/co/75785.htm
沈阳远航树脂有限公司,http:////www.11467.com/shenyang/co/75560.htm
沈阳圣力达工业有限公司,http:////www.11467.com/shenyang/co/75711.htm
辽宁润田实业有限公司,http:////www.11467.com/shenyang/co/76105.htm
莱茵化学有限公司,http:////www.11467.com/shenyang/co/59867.htm
沈阳金久奇科技有限公司,http:////www.11467.com/shenyang/co/76064.htm
奥斯邦化工（中国）有限公司 销售部,http:////www.11467.com/shenzhen/co/683877.htm
宏盛百达科技商贸有限公司,http:////www.11467.com/shenzhen/co/763060.htm
金斯邦胶粘剂有限公司,http:////www.11467.com/shenzhen/co/762841.htm
江南绝缘粉末厂,http:////www.11467.com/shenzhen/co/681848.htm
大连齐化化工有限公司广州办事处,http:////www.11467.com/shenzhen/co/799927.htm
斗沅化工有限公司,http:////www.11467.com/shenzhen/co/510110.htm
鹏瑞昌实业有限公司,http:////www.11467.com/shenzhen/co/682867.htm
富菲抛光材料有限公司,http:////www.11467.com/shenzhen/co/763059.htm
宏宇化工涂料有限公司,http:////www.11467.com/shenzhen/co/684483.htm
倍能事达电子(导热片),http:////www.11467.com/shenzhen/co/473838.htm
深圳鼎好光化科技有限公司-销售部,http:////www.11467.com/shenzhen/co/680790.htm
深圳金台纤维有限公司,http:////www.11467.com/shenzhen/co/505702.htm
深圳金台纤维有限公司芙蓉园工厂,http:////www.11467.com/shenzhen/co/235653.htm
李梅,http:////www.11467.com/shenzhen/co/726878.htm
力鑫塑胶五金制品厂,http:////www.11467.com/shenzhen/co/683466.htm
深圳市宝安区松岗泽焜波丽合成剂经销部,http:////www.11467.com/shenzhen/co/239381.htm
普锐森实业有限公司,http:////www.11467.com/shenzhen/co/682163.htm
深圳联达家居用品有限公司（业务部）,http:////www.11467.com/shenzhen/co/504209.htm
联达实业（香港）有限公司,http:////www.11467.com/shenzhen/co/504466.htm
深圳市福田区德海新型化工材料行,http:////www.11467.com/shenzhen/co/95441.htm
深圳市德之邦科技有限公司,http:////www.11467.com/shenzhen/co/680972.htm
深圳市佳迪达化工有限公司,http:////www.11467.com/shenzhen/co/241286.htm
深圳市庚申贸易有限公司,http:////www.11467.com/shenzhen/co/685653.htm
深圳市佳塑助剂化工有限公司,http:////www.11467.com/shenzhen/co/682615.htm
深圳市宝安区新安金力泰电子商行,http:////www.11467.com/shenzhen/co/241037.htm
深圳市富永佳聚氨酯材料有限公司,http:////www.11467.com/shenzhen/co/179736.htm
深圳市华西宏基科技有限公司,http:////www.11467.com/shenzhen/co/602365.htm
深圳市金华圣化工有限公司,http:////www.11467.com/shenzhen/co/699773.htm
深圳市豪迈阵实业有限公司(商务),http:////www.11467.com/shenzhen/co/682550.htm
深圳市荣兴达有机硅材料有限公司市场部,http:////www.11467.com/shenzhen/co/683803.htm
深圳市瑞丰贸易有限公司,http:////www.11467.com/shenzhen/co/683010.htm
深圳市森日有机硅材料有限公司,http:////www.11467.com/shenzhen/co/52154.htm
深圳市科立孚实业有限公司UV事业部,http:////www.11467.com/shenzhen/co/680625.htm
深圳市鹏瑞昌实业有限公司(鹏瑞昌化工厂),http:////www.11467.com/shenzhen/co/682868.htm
深圳市深华春塑胶化工有限公司,http:////www.11467.com/shenzhen/co/525290.htm
深圳市日昌亚克力科技公司,http:////www.11467.com/shenzhen/co/682283.htm
深圳市鑫盛丰科技有限公司销售部,http:////www.11467.com/shenzhen/co/466571.htm
深圳市斯威克科技有限公司,http:////www.11467.com/shenzhen/co/402969.htm
深圳市万维德科技有限公司业务部,http:////www.11467.com/shenzhen/co/240804.htm
深圳市杰安科技有限公司（国内销售部）,http:////www.11467.com/shenzhen/co/437479.htm
深圳市万鑫化工有限公司,http:////www.11467.com/shenzhen/co/685690.htm
深圳市万利实业有限公司,http:////www.11467.com/shenzhen/co/253813.htm
深圳市立来兴实业有限公司 塑胶部 SHENZHEN LILA,http:////www.11467.com/shenzhen/co/680949.htm
深圳市粘府化工有限公司,http:////www.11467.com/shenzhen/co/681900.htm
深圳市世宇达实业有限公司,http:////www.11467.com/shenzhen/co/683459.htm
深圳市顺丰化工有限公司（销售部）,http:////www.11467.com/shenzhen/co/680065.htm
深圳市优特美胶粘制品销售部,http:////www.11467.com/shenzhen/co/803446.htm
深圳市永兴鑫泡棉有限公司,http:////www.11467.com/shenzhen/co/761860.htm
深圳市永卓实业发展有限公司,http:////www.11467.com/shenzhen/co/40902.htm
深圳市正乔塑胶有限公司,http:////www.11467.com/shenzhen/co/682348.htm
深圳万松化工实业有限公司,http:////www.11467.com/shenzhen/co/682106.htm
深圳市正基实业有限公司,http:////www.11467.com/shenzhen/co/24217.htm
深圳市导热膏电子有限公司,http:////www.11467.com/shenzhen/co/430288.htm
深圳市导热硅脂有限公司,http:////www.11467.com/shenzhen/co/682888.htm
深圳伟铂工业设备公司,http:////www.11467.com/shenzhen/co/680574.htm
深圳鑫力达胶料辅料行,http:////www.11467.com/shenzhen/co/684717.htm
深圳元相科技有限公司,http:////www.11467.com/shenzhen/co/685385.htm
斯德乐(深圳)科技有限公司,http:////www.11467.com/shenzhen/co/682230.htm
信达树脂化工股份有限公司,http:////www.11467.com/shenzhen/co/684688.htm
松下电工（中国）有限公司深圳分公司,http:////www.11467.com/shenzhen/co/682784.htm
深圳湘津源科技有限公司,http:////www.11467.com/shenzhen/co/683947.htm
新同声胶粘剂贸易公司,http:////www.11467.com/shenzhen/co/240484.htm
深圳市嘉达[矽利康]化工有限公司,http:////www.11467.com/shenzhen/co/683814.htm
石家庄环氧树脂灌浆料有限公司,http:////www.11467.com/shijiazhuang/co/139577.htm
河北锦绮化纤有限公司,http:////www.11467.com/shijiazhuang/co/133669.htm
石家庄晶茂贸易有限责任公司,http:////www.11467.com/shijiazhuang/co/139246.htm
金龙树脂回收有限公司,http:////www.11467.com/shijiazhuang/co/95170.htm
石家庄市天利达化工有限公司,http:////www.11467.com/shijiazhuang/co/123843.htm
宿迁傲达康复合材料有限公司,http:////www.11467.com/suqian/co/24875.htm
江苏南洋化工有限公司,http:////www.11467.com/suzhou/co/319173.htm
可隆乔治亚太平洋化学（苏州）有限公司 销售部,http:////www.11467.com/suzhou/co/260778.htm
长宏光电科技有限公司,http:////www.11467.com/suzhou/co/205848.htm
昆山市东亚树脂涂料厂有限公司,http:////www.11467.com/suzhou/co/318683.htm
昆山龟甲树脂涂装工程有限公司,http:////www.11467.com/suzhou/co/320739.htm
纽佩斯树脂( 苏州)有限公司,http:////www.11467.com/suzhou/co/317851.htm
上海怡康化工材料有限公司（苏州）,http:////www.11467.com/suzhou/co/260483.htm
苏州富伟佳贸易有限公司,http:////www.11467.com/suzhou/co/314473.htm
江苏中顺化工有限公司,http:////www.11467.com/suzhou/co/260260.htm
苏州巨峰电气绝缘系统股份有限公司,http:////www.11467.com/suzhou/co/225520.htm
可隆乔治亚太平洋化学（苏州）有限公司,http:////www.11467.com/suzhou/co/260408.htm
苏州工业园区力天电子材料有限公司,http:////www.11467.com/suzhou/co/260393.htm
苏州汇毅工业材料科技有限公司(业务部),http:////www.11467.com/suzhou/co/214427.htm
苏州昆山市华创电子材料有限公司,http:////www.11467.com/suzhou/co/323583.htm
深圳市鑫威化工有限公司苏州销售部,http:////www.11467.com/suzhou/co/214607.htm
苏州德富立新材料科技有限公司,http:////www.11467.com/suzhou/co/302115.htm
苏州亿溪电子有限公司,http:////www.11467.com/suzhou/co/322369.htm
苏州市联东化工厂,http:////www.11467.com/suzhou/co/26626.htm
苏州润辰化工有限公司,http:////www.11467.com/suzhou/co/269203.htm
苏州市麦奇新型材料有限公司,http:////www.11467.com/suzhou/co/260621.htm
昆山鑫华鸿防水实业发展有限公司,http:////www.11467.com/suzhou/co/317790.htm
苏州市威泰化工有限公司（销售部）,http:////www.11467.com/suzhou/co/214604.htm
吴江市北厍梅东纺织助剂厂,http:////www.11467.com/suzhou/co/83024.htm
徐州亚斯特地坪工程有限公司,http:////www.11467.com/xuzhou/co/81938.htm
盐城美丽雅漆业有限公司,http:////www.11467.com/yancheng/co/20787.htm
江苏永林油脂化工有限公司,http:////www.11467.com/yancheng/co/20767.htm
响水县瑞泽化工有限公司,http:////www.11467.com/yancheng/co/78539.htm
阳江市江城铸型涂料厂,http:////www.11467.com/yangjiang/co/4046.htm
扬州广润化工有限公司,http:////www.11467.com/yangzhou/co/88015.htm
扬州市唯一新材料有限公司,http:////www.11467.com/yangzhou/co/106500.htm
扬州宏达化纤有限公司,http:////www.11467.com/yangzhou/co/88018.htm
扬州市欣宝树脂有限公司,http:////www.11467.com/yangzhou/co/107625.htm
烟台好利洁水性涂料有限公司,http:////www.11467.com/yantai/co/130978.htm
烟台东聚防水保温工程有限公司,http:////www.11467.com/yantai/co/107733.htm
烟台万华聚氨脂股份有限公司,http:////www.11467.com/yantai/co/131105.htm
烟台道成化学有限公司,http:////www.11467.com/yantai/co/95058.htm
江西省飓风化工有限公司,http:////www.11467.com/yichun/co/1374.htm
宏辉胶业(深圳)有限公司,http:////www.11467.com/yichun/co/21452.htm
宁夏共享化工有限公司,http:////www.11467.com/yinchuan/co/10683.htm
山西凯希瑞科技股份有限公司,http:////www.11467.com/yuncheng/co/28988.htm
云浮市祥新合成材料有限公司,http:////www.11467.com/yunfu/co/25333.htm
枣庄海丽化工有限公司,http:////www.11467.com/zaozhuang/co/36835.htm
福建天昱新型材料有限公司,http:////www.11467.com/zhangzhou/co/40930.htm
漳州宏晟贸易有限公司,http:////www.11467.com/zhangzhou/co/38861.htm
肇庆佳美实实业有限公司,http:////www.11467.com/zhaoqing/co/33801.htm
怀集县集美新材料有限公司,http:////www.11467.com/zhaoqing/co/35402.htm
河南省天鹏实业有限公司,http:////www.11467.com/zhengzhou/co/89552.htm
河南鑫正树脂有限公司,http:////www.11467.com/zhengzhou/co/168673.htm
河南永丽化工有限公司,http:////www.11467.com/zhengzhou/co/37304.htm
河南奇通商贸有限公司,http:////www.11467.com/zhengzhou/co/173494.htm
郑州市友晨化工有限公司,http:////www.11467.com/zhengzhou/co/174364.htm
河南郑州双辰商贸有限公司,http:////www.11467.com/zhengzhou/co/171241.htm
郑州红宇冷藏保鲜设备工程有限公司,http:////www.11467.com/zhengzhou/co/94267.htm
郑州曙光化工有限公司,http:////www.11467.com/zhengzhou/co/9451.htm
郑州乐达实业有限公司,http:////www.11467.com/zhengzhou/co/77207.htm
郑州德宝商贸有限公司,http:////www.11467.com/zhengzhou/co/177664.htm
郑州龙兴化工有限公司,http:////www.11467.com/zhengzhou/co/171203.htm
郑州汇鑫商贸有限公司,http:////www.11467.com/zhengzhou/co/171222.htm
中山市安而固五金制品有限公司,http:////www.11467.com/zhongshan/co/86049.htm
中山市鼎力胶粘技术应用开发中心,http:////www.11467.com/zhongshan/co/68362.htm
佛山市顺德区汇龙涂料实业有限公司,http:////www.11467.com/zhongshan/co/111360.htm
中山大富隆包装材料有限公司,http:////www.11467.com/zhongshan/co/60946.htm
中山市华通包装材料有限公司,http:////www.11467.com/zhongshan/co/20204.htm
中山市古镇华汇涂料厂,http:////www.11467.com/zhongshan/co/112071.htm
中山市朗玛化工有限公司,http:////www.11467.com/zhongshan/co/20628.htm
中山市创耀合成材料有限公司,http:////www.11467.com/zhongshan/co/147638.htm
中山市正合贸易有限公司,http:////www.11467.com/zhongshan/co/39515.htm
珠海宝丰鑫化工有限公司,http:////www.11467.com/zhuhai/co/57990.htm
珠海长先化学科技有限公司,http:////www.11467.com/zhuhai/co/86184.htm
长兴化学工业(广东)有限公司,http:////www.11467.com/zhuhai/co/62377.htm
株洲化工集团诚信有限公司,http:////www.11467.com/zhuzhou/co/24188.htm
山东齐邦树脂有限公司,http:////www.11467.com/zibo/co/85232.htm
淄博市临淄齐德化工有限公司,http:////www.11467.com/zibo/co/22848.htm
天津翔盛粉末涂料有限公司,http:////www.11467.com/tianjin/co/190266.htm
天津市武清区亨利工贸有限公司,http:////www.11467.com/tianjin/co/174804.htm
天津威德国际贸易有限公司 环保部,http:////www.11467.com/tianjin/co/91928.htm
云阳县友祥油脂有限公司,http:////www.11467.com/chongqing/co/174976.htm
重庆市合川区双祥油脂有限公司,http:////www.11467.com/chongqing/co/42863.htm
淄博世拓高分子材料有限公司,http:////www.11467.com/zibo/co/86928.htm
山东淄博康道化工贸易有限公司,http:////www.11467.com/zibo/co/85629.htm
淄博沣澳化工有限公司,http:////www.11467.com/zibo/co/87063.htm
淄博广通化工有限公司,http:////www.11467.com/zibo/co/86403.htm
淄博航兴防腐粉末材料有限公司,http:////www.11467.com/zibo/co/86116.htm
淄博科飞助剂厂,http:////www.11467.com/zibo/co/21803.htm
淄博舒普化工科技有限公司化工部,http:////www.11467.com/zibo/co/84984.htm
淄博显普化工有限公司,http:////www.11467.com/zibo/co/65443.htm
淄博兴华树脂有限公司,http:////www.11467.com/zibo/co/27098.htm
山东东岳神舟新材料有限公司,http:////www.11467.com/zibo/co/87762.htm
淄博民大化学有限公司,http:////www.11467.com/zibo/co/99596.htm
淄博海洋实业有限公司,http:////www.11467.com/zibo/co/58450.htm
淄博金霸工贸有限公司,http:////www.11467.com/zibo/co/86999.htm
张店科祥化工原料经营部,http:////www.11467.com/zibo/co/98342.htm
津南大化工厂,http:////www.11467.com/zibo/co/98012.htm
淄博华天化工有限公司,http:////www.11467.com/zibo/co/32605.htm
淄博泽华精细化工有限公司,http:////www.11467.com/zibo/co/9055.htm
山东淄博市奥威粘合剂有限公司(总厂),http:////www.11467.com/zibo/co/87215.htm
山东淄博华声化工有限公司,http:////www.11467.com/zibo/co/71877.htm
北京欧丽信诚装饰有限公司,http:////www.11467.com/beijing/co/135824.htm
北京鑫汇绿海环保科技发展有限公司,http:////www.11467.com/beijing/co/277393.htm
北京远辉玻璃钢有限公司,http:////www.11467.com/beijing/co/215280.htm
中天润金科技有限公司,http:////www.11467.com/beijing/co/433761.htm
常进化工株式会社,http:////www.11467.com/shanghai/co/89727.htm
惠展电子材料（上海）有限公司,http:////www.11467.com/shanghai/co/265603.htm
上海博弥思贸易有限公司销售部,http:////www.11467.com/shanghai/co/687843.htm
常进化工（苏州）有限公司上海公司,http:////www.11467.com/shanghai/co/89726.htm
上海科谷化工产品制造有限公司1,http:////www.11467.com/shanghai/co/167942.htm
上海劲凯树脂有限公司驻沈阳办事处,http:////www.11467.com/shanghai/co/327350.htm
上海海螺建材国际贸易有限公司,http:////www.11467.com/shanghai/co/687281.htm
上海宏伟建材有限公司,http:////www.11467.com/shanghai/co/327705.htm
上海都市丽实业发展有限公司,http:////www.11467.com/shanghai/co/533863.htm
上海选良择优实业有限公司,http:////www.11467.com/shanghai/co/1043502.htm
上海瓯昌化工有限公司,http:////www.11467.com/shanghai/co/385499.htm
乔西贸易有限公司,http:////www.11467.com/shanghai/co/89668.htm
远纺工业（上海）有限公司涂料树脂部,http:////www.11467.com/shanghai/co/168037.htm
新加坡海茂企业有限公司,http:////www.11467.com/shanghai/co/1041002.htm
上海益洲油脂有限公司,http:////www.11467.com/shanghai/co/823811.htm
上海殷翔实业有限公司,http:////www.11467.com/shanghai/co/534229.htm
上海昊毅化工科技有限公司,http:////www.11467.com/shanghai/co/1059175.htm
上海适树贸易有限公司,http:////www.11467.com/shanghai/co/1040933.htm
天津戴乐普科技有限公司,http:////www.11467.com/tianjin/co/198040.htm
成华(天津)化工贸易有限公司,http:////www.11467.com/tianjin/co/197995.htm
天津威德国际贸易有限公司-IER,http:////www.11467.com/tianjin/co/76568.htm
天津市铸诚铸造辅料有限公司,http:////www.11467.com/tianjin/co/38018.htm
连云港恒信环氧地坪有限公司,http:////www.11467.com/qiye/27237.htm
无锡瑞吉热熔胶有限公司,http:////www.11467.com/wuxi/co/215467.htm
天津泽易生化工贸易有限公司,http:////www.11467.com/tjnankai/co/23127.htm
山东科耀化工有限公司,http:////www.11467.com/qiye/89009.htm
杭州斯硕电子导热材料有限公司,http:////www.11467.com/hangzhou/co/312101.htm
东莞市汇瑞胶水有限公司,http:////www.11467.com/dongguan/co/414618.htm
北京京燕宏达化工有限公司,http:////www.11467.com/beijing/co/260573.htm
镇江东恒通讯科技有限公司,http:////www.11467.com/zhenjiang/co/26698.htm
深圳市祥毅达科技有限公司,http:////www.11467.com/shenzhen/co/730386.htm
深圳劲华电子材料有限公司,http:////www.11467.com/shenzhen/co/731299.htm
菏泽宏路新型材料有限公司,http:////www.11467.com/heze/co/23878.htm
嘉宝莉北京总经销商,http:////www.11467.com/beijing/co/227065.htm
北京争光创业科技有限公司,http:////www.11467.com/beijing/co/164075.htm
厦门闽邦达化工有限公司,http:////www.11467.com/xiamen/co/92849.htm
常州军涛复合材料有限公司,http:////www.11467.com/changzhou/co/148056.htm
成都市瑞和复合材料有限公司,http:////www.11467.com/chengdu/co/131809.htm
淄博华森粘合剂有限公司,http:////www.11467.com/zibo/co/97903.htm
南京志和化工有限公司,http:////www.11467.com/nanjing/co/103902.htm
郑州德信化学有限公司,http:////www.11467.com/zhengzhou/co/170486.htm
苏州美溪电子有限公司（销售部）,http:////www.11467.com/suzhou/co/313676.htm
东莞市九福代木塑材科技有限公司,http:////www.11467.com/dongguan/co/489486.htm
不饱和树脂材料有限公司,http:////www.11467.com/foshan/co/337800.htm
上海锌胜实业有限公司,http:////www.11467.com/shanghai/co/327696.htm
广州市盛浩化工有限公司,http:////www.11467.com/guangzhou/co/461346.htm
深圳市长丰化工有限公司,http:////www.11467.com/shenzhen/co/786901.htm
上海添友热熔胶有限公司,http:////www.11467.com/shanghai/co/1067378.htm
肥城德源化工有限公司,http:////www.11467.com/taian/co/52741.htm
南京尚佳地坪工程有限公司,http:////www.11467.com/nanjing/co/160005.htm
廊坊新时代化工建材有限公司,http:////www.11467.com/langfang/co/45930.htm
东莞市嘉佳复合材料有限公司,http:////www.11467.com/dongguan/co/496572.htm
望江昊华油脂有限公司,http:////www.11467.com/anqing/co/32834.htm
安庆石化华成联盟分公司,http:////www.11467.com/anqing/co/26799.htm
安庆市众瑞工贸有限公司,http:////www.11467.com/anqing/co/32950.htm
桐城市乌石岗油脂有限公司,http:////www.11467.com/anqing/co/30496.htm
安徽省安庆水性皮革涂饰剂技术转让有限公司,http:////www.11467.com/anqing/co/26906.htm
安徽安庆中大科技公司,http:////www.11467.com/anqing/co/26907.htm
安庆虹宇化工有限公司,http:////www.11467.com/anqing/co/26865.htm
安庆市虹宇化工有限责任公司销售部,http:////www.11467.com/anqing/co/26790.htm
安庆市和顺晶彩聚合材料有限公司总部,http:////www.11467.com/anqing/co/26859.htm
大连特种涂料销售中心,http:////www.11467.com/anshan/co/74031.htm
鞍山东大校友科技开发有限公司,http:////www.11467.com/anshan/co/53174.htm
鞍山市钢星特种树脂有限公司-经营部,http:////www.11467.com/anshan/co/73966.htm
天一有限责任公司,http:////www.11467.com/anshan/co/73930.htm
鞍山市钢星特种树脂有限公司－销售部,http:////www.11467.com/anshan/co/71822.htm
鞍山市钢星特种树脂有限公司市场部,http:////www.11467.com/anshan/co/74072.htm
鞍山市钢星特种树脂有限公司业务部,http:////www.11467.com/anshan/co/74007.htm
安阳市金茂祥有限公司销售部,http:////www.11467.com/anyang/co/26573.htm
天津威德泰科石化科技发展有限公司,http:////www.11467.com/tianjin/co/302252.htm
南宝树脂(东莞)有限公司,http:////www.11467.com/dongguan/co/573789.htm
江西蓝星星火有机硅有限公司,http:////www.11467.com/jiujiang/co/40015.htm
安阳市金茂祥树脂有限责任公司,http:////www.11467.com/anyang/co/30270.htm
安阳市金茂祥有限公司,http:////www.11467.com/anyang/co/30497.htm
安阳宏杰耐火材料有限公司,http:////www.11467.com/anyang/co/36074.htm
安阳韩山化工有限公司销售部,http:////www.11467.com/anyang/co/30453.htm
安阳市隆丰化工有限责任公司销售部,http:////www.11467.com/anyang/co/30378.htm
安阳市金茂祥工贸有限责任公司业务部,http:////www.11467.com/anyang/co/30469.htm
滑县宏科化工有限责任公司,http:////www.11467.com/anyang/co/30334.htm
安阳市中原陶瓷有限公司胶黏剂事业部,http:////www.11467.com/anyang/co/30292.htm
安阳市金艮化工有限公司,http:////www.11467.com/anyang/co/30376.htm
安阳市古马隆树脂厂,http:////www.11467.com/anyang/co/30382.htm
安阳非太化工有限公司,http:////www.11467.com/anyang/co/30296.htm
内黄县全鑫油脂有限责任公司,http:////www.11467.com/anyang/co/35737.htm
安阳金茂祥树脂有限公司,http:////www.11467.com/anyang/co/30438.htm
安阳市顺达环保设备有限责任公司,http:////www.11467.com/anyang/co/26131.htm
内黄县鸿润华夏油脂有限公司,http:////www.11467.com/anyang/co/35762.htm
河南金茂祥化工有限公司,http:////www.11467.com/anyang/co/27180.htm
安阳县永盛油脂有限责任公司,http:////www.11467.com/anyang/co/35436.htm
河南邦得化工有限公司营销中心,http:////www.11467.com/anyang/co/30338.htm
甘肃银光聚银化工有限公司营销中心,http:////www.11467.com/baiyin/co/5094.htm
高唐县沃华油脂有限公司,http:////www.11467.com/baoding/co/78051.htm
保定邦泰化学工业有限公司销售部,http:////www.11467.com/baoding/co/61982.htm
河北科瀚树脂有限公司,http:////www.11467.com/baoding/co/62065.htm
河北海明生态科技有限公司 销售部,http:////www.11467.com/baoding/co/62055.htm
曲阳县诚铭花泥厂,http:////www.11467.com/baoding/co/80788.htm
河北省定兴县振兴福利化工厂,http:////www.11467.com/baoding/co/21009.htm
保定晟达涂装材料有限公司,http:////www.11467.com/baoding/co/80447.htm
保定市长江聚氨酯有限公司,http:////www.11467.com/baoding/co/61954.htm
河北盛世中天科技有限公司,http:////www.11467.com/baoding/co/81223.htm
刘爱明(个体经营),http:////www.11467.com/baoding/co/57800.htm
金泽钛业有限公司,http:////www.11467.com/baoji/co/27171.htm
宝鸡凌动科技有限责任公司销售分公司,http:////www.11467.com/baoji/co/27207.htm
蚌埠市宏城硅制品有限公司,http:////www.11467.com/bengbu/co/29283.htm
西安天航聚合物研究所实验工厂,http:////www.11467.com/bengbu/co/26923.htm
蚌埠市万禾有机硅有限公司,http:////www.11467.com/bengbu/co/33440.htm
安徽省怀远县环宇油脂有限公司,http:////www.11467.com/bengbu/co/32327.htm
华特化学有限公司,http:////www.11467.com/benxi/co/29928.htm
滨州市晟普绝缘材料有限公司,http:////www.11467.com/binzhou/co/11616.htm
昊泉复合材料有限公司,http:////www.11467.com/binzhou/co/22956.htm
山东鲁帆集团工贸有限公司树脂项目部,http:////www.11467.com/binzhou/co/23038.htm
邹平东泰油脂有限公司,http:////www.11467.com/binzhou/co/28656.htm
山东维固力化工科技公司,http:////www.11467.com/binzhou/co/22891.htm
利辛县昌隆油脂有限公司,http:////www.11467.com/bozhou/co/12917.htm
利辛县鑫昌圆油脂有限公司,http:////www.11467.com/bozhou/co/15083.htm
飞腾药业公司,http:////www.11467.com/bozhou/co/9669.htm
利辛县德隆油脂有限公司,http:////www.11467.com/bozhou/co/14535.htm
利辛县意隆油脂有限公司,http:////www.11467.com/bozhou/co/13281.htm
涡阳县宏运油脂有限公司,http:////www.11467.com/bozhou/co/12569.htm
沧州宝恩吸附材料科技有限公司,http:////www.11467.com/cangzhou/co/42684.htm
沧州宝恩化工有限公司销售部,http:////www.11467.com/cangzhou/co/43827.htm
沧州宝恩吸附材料有限公司,http:////www.11467.com/cangzhou/co/43828.htm
河间市泰丰石棉化工有限公司,http:////www.11467.com/cangzhou/co/29381.htm
沧州义新化工物资有限公司,http:////www.11467.com/cangzhou/co/43873.htm
沧州东大化工有限责任公司,http:////www.11467.com/cangzhou/co/48759.htm
河北省高离子树脂有限公司,http:////www.11467.com/cangzhou/co/43880.htm
沧州博智进出口有限公司,http:////www.11467.com/cangzhou/co/31798.htm
王福刚（个体经营）,http:////www.11467.com/cangzhou/co/42270.htm
河北玖昌化工有限公司,http:////www.11467.com/cangzhou/co/59881.htm
河北东林化工产品销售有限公司,http:////www.11467.com/cangzhou/co/55770.htm
河北华阳耐火保温材料有限公司,http:////www.11467.com/cangzhou/co/43896.htm
沧州鑫隆管道防腐保温工程有限公司,http:////www.11467.com/cangzhou/co/57256.htm
河北环球电力树脂化工有限公司,http:////www.11467.com/cangzhou/co/48740.htm
任丘市岩宏机械配件有限公司,http:////www.11467.com/cangzhou/co/23140.htm
东光县恒信有机化工厂,http:////www.11467.com/cangzhou/co/10746.htm
沧州市冀中化工厂,http:////www.11467.com/cangzhou/co/29322.htm
沧县枣盟红枣专业合作社,http:////www.11467.com/cangzhou/co/52322.htm
东光县杰顺油脂有限公司,http:////www.11467.com/cangzhou/co/53706.htm
黄骅市大庄顺达玻璃钢制品厂,http:////www.11467.com/cangzhou/co/58347.htm
兴业有机硅新材料销售公司,http:////www.11467.com/changchun/co/76651.htm
长春市绿野油脂有限公司,http:////www.11467.com/changchun/co/93151.htm
长春吉大高科技股份有限公司,http:////www.11467.com/changchun/co/80546.htm
锅炉水处理技术服务中心,http:////www.11467.com/changchun/co/68764.htm
长春鸿鹏经贸有限公司,http:////www.11467.com/changchun/co/74695.htm
吉林省长春市特种工程塑料有限公司,http:////www.11467.com/changchun/co/80531.htm
吉林省长春市大成集团,http:////www.11467.com/changchun/co/80648.htm
吉林省黄龙树脂经销有限公司,http:////www.11467.com/changchun/co/80474.htm
吉林省宝金机械有限公司,http:////www.11467.com/changchun/co/96192.htm
长春市万世隆建材密封有限责任公司,http:////www.11467.com/changchun/co/101089.htm
吉林省正奇科技发展有限公司,http:////www.11467.com/changchun/co/80554.htm
兴业有机硅新材料（东北）销售公司,http:////www.11467.com/changchun/co/80616.htm
吉林萨菲德新材料有限公司,http:////www.11467.com/changchun/co/91278.htm
天泽贸易有限责任公司,http:////www.11467.com/changde/co/32491.htm
湖南长沙本安亚大新材料有限公司,http:////www.11467.com/changsha/co/99103.htm
长沙海琪化工有限公司,http:////www.11467.com/changsha/co/119544.htm
长沙力天化工有限公司,http:////www.11467.com/changsha/co/98580.htm
长沙蓝星化工新材料有限公司研发部,http:////www.11467.com/changsha/co/90322.htm
湖南长沙凯岳化工材料有限公司,http:////www.11467.com/changsha/co/98957.htm
长沙蓝星化工新材料有限公司经营部,http:////www.11467.com/changsha/co/99152.htm
长沙嘉成集团股份有限公司,http:////www.11467.com/changsha/co/119550.htm
郴州市中南油脂有限公司长沙分公司,http:////www.11467.com/changsha/co/118238.htm
湖南康安植物化工有限公司,http:////www.11467.com/changsha/co/98547.htm
长沙市方园复合材料有限公司,http:////www.11467.com/changsha/co/80040.htm
长沙蓝星化工新材料有限公司技术部,http:////www.11467.com/changsha/co/98913.htm
长沙市瑞弘化工有限公司（丙烯酸事业部）,http:////www.11467.com/changsha/co/99167.htm
长沙石常泡沫塑料有限公司,http:////www.11467.com/changsha/co/104102.htm
长沙市宇钦地坪材料有限公司,http:////www.11467.com/changsha/co/98533.htm
长沙市湘兴油脂有限公司,http:////www.11467.com/changsha/co/117254.htm
湖南嘉盛德材料有限公司,http:////www.11467.com/changsha/co/119442.htm
柳州科达净水器厂营销二部,http:////www.11467.com/changsha/co/98735.htm
湖南长沙固邦树脂涂装厂,http:////www.11467.com/changsha/co/98856.htm
长沙科柏建材贸易有限公司,http:////www.11467.com/changsha/co/76745.htm
常州艾利斯化工有限公司,http:////www.11467.com/changzhou/co/121100.htm
常州市创新有机玻璃制品有限公司,http:////www.11467.com/changzhou/co/122214.htm
*江苏中和进出口有限公司*,http:////www.11467.com/changzhou/co/121976.htm
常州市天隼科技有限公司,http:////www.11467.com/changzhou/co/121490.htm
常州方鑫化工有限公司,http:////www.11467.com/changzhou/co/121426.htm
常州乐邦复合材料有限公司,http:////www.11467.com/changzhou/co/151612.htm
常州力然玻璃钢防腐有限公司,http:////www.11467.com/changzhou/co/122151.htm
常州市都联化工有限公司,http:////www.11467.com/changzhou/co/121154.htm
江苏色可赛思树脂有限公司,http:////www.11467.com/changzhou/co/96662.htm
常州市武进天龙有限公司,http:////www.11467.com/changzhou/co/121524.htm
常州大使涂料有限公司,http:////www.11467.com/changzhou/co/122055.htm
常州市金雅化工有限公司,http:////www.11467.com/changzhou/co/121967.htm
常州宏业有机硅有限公司,http:////www.11467.com/changzhou/co/113532.htm
常州市旷盛塑业有限公司,http:////www.11467.com/changzhou/co/121639.htm
常州世都化工有限公司,http:////www.11467.com/changzhou/co/121830.htm
常州市华邦玻璃钢材料有限公司,http:////www.11467.com/changzhou/co/18017.htm
常州市格佳化工有限公司,http:////www.11467.com/changzhou/co/121767.htm
常州玻璃钢有限公司,http:////www.11467.com/changzhou/co/121377.htm
常州玻仟制品有限公司,http:////www.11467.com/changzhou/co/122220.htm
常州硅能化工新材料有限公司,http:////www.11467.com/changzhou/co/116165.htm
常州武进振燕橡塑制品厂,http:////www.11467.com/changzhou/co/122109.htm
常州市宏业有机硅有限公司销售部,http:////www.11467.com/changzhou/co/95310.htm
常州市青之化工科技有限公司,http:////www.11467.com/changzhou/co/145628.htm
常州市科源化工有限公司 销售部,http:////www.11467.com/changzhou/co/121596.htm
常州市汉光涂料有限公司,http:////www.11467.com/changzhou/co/150798.htm
常州市科源化工有限公司,http:////www.11467.com/changzhou/co/17208.htm
常州市金隆化工厂,http:////www.11467.com/changzhou/co/33577.htm
常州市蓝阳涂料有限公司,http:////www.11467.com/changzhou/co/126097.htm
常州市卫骏玻璃钢复合材料有限公司,http:////www.11467.com/changzhou/co/121950.htm
常州东方首创化工有限公司,http:////www.11467.com/changzhou/co/147627.htm
常州鼎盛化工有限公司 销售部,http:////www.11467.com/changzhou/co/121267.htm
常州市琼海橡塑制品有限公司,http:////www.11467.com/changzhou/co/18373.htm
常州市武进东南助剂厂,http:////www.11467.com/changzhou/co/28089.htm
常州市新亚环保材料有限公司,http:////www.11467.com/changzhou/co/85788.htm
江苏亚邦涂料股份有限公司营销部,http:////www.11467.com/changzhou/co/122009.htm
江苏亚邦涂料股份有限公司营销公司,http:////www.11467.com/changzhou/co/122209.htm
常州市美杰塑料有限公司,http:////www.11467.com/changzhou/co/6539.htm
常州市武进英奎化工公司,http:////www.11467.com/changzhou/co/121104.htm
常州市节能化工有限公司,http:////www.11467.com/changzhou/co/92471.htm
江苏嘉利华聚氨酯科技有限公司,http:////www.11467.com/changzhou/co/121946.htm
常州市蓝盾物资有限公司(江苏),http:////www.11467.com/changzhou/co/121642.htm
常州唯尚复合材料有限公司,http:////www.11467.com/changzhou/co/121939.htm
常州市方鑫化工物资有限公司营销1部,http:////www.11467.com/changzhou/co/121112.htm
常州恒丰复合材料有限公司,http:////www.11467.com/changzhou/co/121536.htm
常州市家家玛车辆厂,http:////www.11467.com/changzhou/co/121282.htm
华宇化工保温材料厂,http:////www.11467.com/changzhou/co/96821.htm
江苏(常州)大业腾飞海绵厂,http:////www.11467.com/changzhou/co/115023.htm
常州毅宝化工有限公司,http:////www.11467.com/changzhou/co/121359.htm
常州市武进区牛塘胡氏玻璃钢制品厂,http:////www.11467.com/changzhou/co/95627.htm
常州博润油脂有限公司,http:////www.11467.com/changzhou/co/144891.htm
