保定市晟丰模具机械制造有限公司,http:////www.11467.com/qiye/93171636.htm
保定市晟丰模具机械制造有限公司的商铺,http://93171636.b2b.11467.com
广州市伯利菲模具有限公司,http:////www.11467.com/guangzhou/co/276406.htm
广州市伯利菲模具有限公司的商铺,http://guangzhou0276406.11467.com
厦门新耀精密科技有限公司,http:////www.11467.com/xiamen/co/46635.htm
佛山市远兴鸿焊管机械模具有限公司,http:////www.11467.com/foshan/co/240363.htm
佛山市远兴鸿焊管机械模具有限公司的商铺,http://foshan0240363.11467.com
东莞市茶山兴荣五金加工店,http:////www.11467.com/dongguan/co/615554.htm
东莞市茶山兴荣五金加工店的商铺,http://dongguan0615554.11467.com
北京双博装饰工程设计有限公司,http:////www.11467.com/beijing/co/758733.htm
北京双博装饰工程设计有限公司的商铺,http://beijing0758733.11467.com
深圳市毅顺锦鸿模具有限公司,http:////www.11467.com/shenzhen/co/1128326.htm
深圳市毅顺锦鸿模具有限公司的商铺,http://shenzhen01128326.11467.com
佛山市崇德精密模具厂,http:////www.11467.com/foshan/co/306771.htm
佛山市崇德精密模具厂的商铺,http://foshan0306771.11467.com
湘潭市双环机械设备开发有限公司,http:////www.11467.com/xiangtan/co/22987.htm
湘潭市双环机械设备开发有限公司的商铺,http://xiangtan022987.11467.com
上海林瑗工艺品厂,http:////www.11467.com/shnanhui/co/35253.htm
上海林瑗工艺品厂的商铺,http://shnanhui035253.11467.com
东莞市欧驰精密数控设备有限公司,http:////www.11467.com/dongguan/co/488261.htm
东莞市欧驰精密数控设备有限公司的商铺,http://dongguan0488261.11467.com
河源市凯源硬质合金有限公司,http:////www.11467.com/heyuan/co/13813.htm
河源市凯源硬质合金有限公司的商铺,http://heyuan013813.11467.com
黄石市洪兴塑料模具有限公司,http:////www.11467.com/huangshi/co/17215.htm
黄石市洪兴塑料模具有限公司的商铺,http://huangshi017215.11467.com
武江区日辉机械厂,http:////www.11467.com/shaoguan/co/23696.htm
武江区日辉机械厂的商铺,http://shaoguan023696.11467.com
正升机械厂,http:////www.11467.com/jiujiang/co/20237.htm
正升机械厂的商铺,http://jiujiang020237.11467.com
廊坊翔宇塑料制品有限公司,http:////www.11467.com/langfang/co/30667.htm
廊坊翔宇塑料制品有限公司的商铺,http://langfang030667.11467.com
廊坊开发区精工瑞达机械制造有限公司,http:////www.11467.com/langfang/co/31070.htm
廊坊开发区精工瑞达机械制造有限公司的商铺,http://langfang031070.11467.com
南昌华泰硅橡胶制品有限公司,http:////www.11467.com/nanchang/co/3635.htm
南昌华泰硅橡胶制品有限公司的商铺,http://nanchang03635.11467.com
舟山宸宇机械有限公司,http:////www.11467.com/zhoushan/co/16996.htm
舟山宸宇机械有限公司的商铺,http://zhoushan016996.11467.com
东莞市长安一雕五金加工店,http:////www.11467.com/dongguan/co/615458.htm
东莞市长安一雕五金加工店的商铺,http://dongguan0615458.11467.com
深圳龙华汇通三维打印科技有限公司,http:////www.11467.com/shenzhen/co/1102505.htm
深圳龙华汇通三维打印科技有限公司的商铺,http://shenzhen01102505.11467.com
东莞市技丰精密机械有限公司,http:////www.11467.com/dongguan/co/461176.htm
东莞市技丰精密机械有限公司的商铺,http://dongguan0461176.11467.com
怀化市鹤城区汇丰电器厂,http:////www.11467.com/huaihua/co/19224.htm
怀化市鹤城区汇丰电器厂的商铺,http://huaihua019224.11467.com
滁州宏明机电有限公司,http:////www.11467.com/chuzhou/co/17024.htm
滁州宏明机电有限公司的商铺,http://chuzhou017024.11467.com
深圳市瑞达精密模具厂,http:////www.11467.com/shenzhen/co/724899.htm
深圳市瑞达精密模具厂的商铺,http://shenzhen0724899.11467.com
西安华亚机械加工厂,http:////www.11467.com/xian/co/154931.htm
西安华亚机械加工厂的商铺,http://xian0154931.11467.com
湖北晟起模具科技有限公司,http:////www.11467.com/huangshi/co/23860.htm
湖北晟起模具科技有限公司的商铺,http://huangshi023860.11467.com
深圳市特安电子有限公司光明分公司,http:////www.11467.com/shenzhen/co/730162.htm
深圳市特安电子有限公司光明分公司的商铺,http://shenzhen0730162.11467.com
芜湖市江瑞机电有限公司,http:////www.11467.com/wuhu/co/35294.htm
芜湖市江瑞机电有限公司的商铺,http://wuhu035294.11467.com
咸阳彩华精密机械有限公司,http:////www.11467.com/xianyang/co/21834.htm
咸阳彩华精密机械有限公司的商铺,http://xianyang021834.11467.com
洛阳荣星模具有限公司,http:////www.11467.com/luoyang/co/59934.htm
洛阳荣星模具有限公司的商铺,http://luoyang059934.11467.com
深圳市银宝山新科技股份有限公司,http:////www.11467.com/shenzhen/co/723116.htm
深圳市银宝山新科技股份有限公司的商铺,http://shenzhen0723116.11467.com
东莞市热恒热流道科技有限公司,http:////www.11467.com/dongguan/co/413478.htm
东莞市热恒热流道科技有限公司的商铺,http://dongguan0413478.11467.com
绵阳鸿跃模具有限公司,http:////www.11467.com/mianyang/co/35039.htm
绵阳鸿跃模具有限公司的商铺,http://mianyang035039.11467.com
霸州市城区诚信模具厂,http:////www.11467.com/langfang/co/45873.htm
霸州市城区诚信模具厂的商铺,http://langfang045873.11467.com
河北赛锐机械配件有限公司,http:////www.11467.com/xintai/co/41091.htm
河北赛锐机械配件有限公司的商铺,http://xintai041091.11467.com
惠州市惠城区德海五金机电厂,http:////www.11467.com/huizhou/co/98958.htm
惠州市惠城区德海五金机电厂的商铺,http://huizhou098958.11467.com
河南省滑县天工精优模具有限公司,http:////www.11467.com/anyang/co/44617.htm
河南省滑县天工精优模具有限公司的商铺,http://anyang044617.11467.com
金品轧辊模具有限公司,http:////www.11467.com/jinan/co/153373.htm
金品轧辊模具有限公司的商铺,http://jinan0153373.11467.com
东莞市凤岗天昊磨料经营部,http:////www.11467.com/dongguan/co/385261.htm
东莞市凤岗天昊磨料经营部的商铺,http://dongguan0385261.11467.com
阜新光大压铸机配件制造有限公司,http:////www.11467.com/fuxin/co/16066.htm
阜新光大压铸机配件制造有限公司的商铺,http://fuxin016066.11467.com
台州市黄岩双头电火花对外加工厂,http:////www.11467.com/taizhou/co/106386.htm
台州市黄岩双头电火花对外加工厂的商铺,http://taizhou0106386.11467.com
重庆海风模具有限公司,http:////www.11467.com/chongqing/co/171365.htm
重庆海风模具有限公司的商铺,http://chongqing0171365.11467.com
姜士伟,http:////www.11467.com/langfang/co/53569.htm
姜士伟的商铺,http://langfang053569.11467.com
永清县汇源塑料机械厂,http:////www.11467.com/langfang/co/35985.htm
永清县汇源塑料机械厂的商铺,http://langfang035985.11467.com
嘉善迈拓模具厂,http:////www.11467.com/jiaxing/co/137818.htm
嘉善迈拓模具厂的商铺,http://jiaxing0137818.11467.com
昆山市龙翔模具慢走丝加工厂,http:////www.11467.com/suzhou/co/357784.htm
昆山市龙翔模具慢走丝加工厂的商铺,http://suzhou0357784.11467.com
东莞长安鑫晟模具配件有限公司,http:////www.11467.com/dongguan/co/558711.htm
东莞长安鑫晟模具配件有限公司的商铺,http://dongguan0558711.11467.com
盖州团山机械厂,http:////www.11467.com/yingkou/co/44145.htm
清苑县力达新型机械设备有限公司,http:////www.11467.com/qiye/93441390.htm
清苑县力达新型机械设备有限公司的商铺,http://93441390.b2b.11467.com
东莞市百通精密模具制造有限公司,http:////www.11467.com/dongguan/co/287417.htm
东莞市百通精密模具制造有限公司的商铺,http://dongguan0287417.11467.com
常州市晨希有色铸造有限公司,http:////www.11467.com/changzhou/co/10725.htm
常州市晨希有色铸造有限公司的商铺,http://changzhou010725.11467.com
南京多米自动化技术有限公司,http:////www.11467.com/qiye/93104433.htm
成都市金鸿兴模具配件有限公司,http:////www.11467.com/chengdu/co/283747.htm
东莞市年旺五金制品有限公司,http:////www.11467.com/dongguan/co/556569.htm
东莞市年旺五金制品有限公司的商铺,http://dongguan0556569.11467.com
东莞市樟木头亿信超声波营业部,http:////www.11467.com/dongguan/co/78796.htm
东莞市樟木头亿信超声波营业部的商铺,http://dongguan078796.11467.com
上海弘竣实业有限公司,http:////www.11467.com/shanghai/co/804555.htm
上海弘竣实业有限公司的商铺,http://shanghai0804555.11467.com
天津市鼎大模具有限公司,http:////www.11467.com/tianjin/co/188832.htm
天津市鼎大模具有限公司的商铺,http://tianjin0188832.11467.com
泉州市嘉通电子科技有限公司,http:////www.11467.com/quanzhou/co/147094.htm
泉州市嘉通电子科技有限公司的商铺,http://quanzhou0147094.11467.com
南京华顺精密模具有限公司,http:////www.11467.com/nanjing/co/72860.htm
南京华顺精密模具有限公司的商铺,http://nanjing072860.11467.com
天津市宝冠金属制品有限公司,http:////www.11467.com/tianjin/co/177820.htm
天津市宝冠金属制品有限公司的商铺,http://tianjin0177820.11467.com
西安美联航空技术有限责任公司,http:////www.11467.com/xian/co/24763.htm
西安美联航空技术有限责任公司的商铺,http://xian024763.11467.com
珠海浩星自动化设备有限公司,http:////www.11467.com/zhuhai/co/74761.htm
珠海浩星自动化设备有限公司的商铺,http://zhuhai074761.11467.com
安徽省雅琪力天家居用品有限公司,http:////www.11467.com/suzhoushi/co/17376.htm
安徽省雅琪力天家居用品有限公司的商铺,http://suzhoushi017376.11467.com
宁波东昊汽车部件有限公司,http:////www.11467.com/ningbo/co/63.htm
宁波东昊汽车部件有限公司的商铺,http://ningbo063.11467.com
长沙市景泰塑料机械科技开发有限公司,http:////www.11467.com/changsha/co/81891.htm
长沙市景泰塑料机械科技开发有限公司的商铺,http://changsha081891.11467.com
四川中邦模具有限公司,http:////www.11467.com/chengdu/co/100140.htm
四川中邦模具有限公司的商铺,http://chengdu0100140.11467.com
佛山市南海雄企模具五金制品有限公司,http:////www.11467.com/foshan/co/306822.htm
佛山市南海雄企模具五金制品有限公司的商铺,http://foshan0306822.11467.com
德阳市德润达机械有限公司,http:////www.11467.com/deyang/co/29065.htm
德阳市德润达机械有限公司的商铺,http://deyang029065.11467.com
大连鑫萌精密机械有限公司,http:////www.11467.com/dalian/co/48606.htm
大连鑫萌精密机械有限公司的商铺,http://dalian048606.11467.com
东莞市石碣嘉艺玩具店,http:////www.11467.com/dongguan/co/230696.htm
东莞市石碣嘉艺玩具店的商铺,http://dongguan0230696.11467.com
镇江鑫吉模具厂,http:////www.11467.com/zhenjiang/co/72002.htm
镇江鑫吉模具厂的商铺,http://zhenjiang072002.11467.com
青县大宇电子设备有限公司,http:////www.11467.com/cangzhou/co/30901.htm
青县大宇电子设备有限公司的商铺,http://cangzhou030901.11467.com
东莞市长安谷茂五金配件商行,http:////www.11467.com/dongguan/co/287480.htm
东莞市长安谷茂五金配件商行的商铺,http://dongguan0287480.11467.com
东莞市虎门思玛拓电子设备制品厂,http:////www.11467.com/dongguan/co/291202.htm
东莞市虎门思玛拓电子设备制品厂的商铺,http://dongguan0291202.11467.com
苏州宝时格数控设备制造有限公司,http:////www.11467.com/suzhou/co/268999.htm
苏州宝时格数控设备制造有限公司的商铺,http://suzhou0268999.11467.com
苏州市龙徽机械制造有限公司,http:////www.11467.com/suzhou/co/238315.htm
苏州市龙徽机械制造有限公司的商铺,http://suzhou0238315.11467.com
常州市武进区湖塘顺超花边机厂,http:////www.11467.com/changzhou/co/88145.htm
常州市武进区湖塘顺超花边机厂的商铺,http://changzhou088145.11467.com
东莞市牧豪流体设备科技有限公司,http:////www.11467.com/dongguan/co/409993.htm
东莞市牧豪流体设备科技有限公司的商铺,http://dongguan0409993.11467.com
无锡胜鼎模型设计有限公司,http:////www.11467.com/wuxi/co/194870.htm
无锡胜鼎模型设计有限公司的商铺,http://wuxi0194870.11467.com
东莞市夏阳精密钨钢有限公司,http:////www.11467.com/dongguan/co/285881.htm
东莞市夏阳精密钨钢有限公司的商铺,http://dongguan0285881.11467.com
佛山市南海有田商用厨房设备有限公司,http:////www.11467.com/foshan/co/182851.htm
佛山市南海有田商用厨房设备有限公司的商铺,http://foshan0182851.11467.com
湖北天桥风机有限公司,http:////www.11467.com/suizhou/co/11224.htm
湖北天桥风机有限公司的商铺,http://suizhou011224.11467.com
东莞市塘厦晶进线切割加工店,http:////www.11467.com/dongguan/co/253512.htm
东莞市塘厦晶进线切割加工店的商铺,http://dongguan0253512.11467.com
中山亚力菲自动化设备有限公司,http:////www.11467.com/zhongshan/co/233395.htm
中山亚力菲自动化设备有限公司的商铺,http://zhongshan0233395.11467.com
东莞市长信模具有限公司,http:////www.11467.com/dongguan/co/474026.htm
东莞市长信模具有限公司的商铺,http://dongguan0474026.11467.com
东莞市特博实业有限公司,http:////www.11467.com/dongguan/co/412376.htm
东莞市特博实业有限公司的商铺,http://dongguan0412376.11467.com
东莞市铭一模具配件有限公司,http:////www.11467.com/dongguan/co/410024.htm
东莞市铭一模具配件有限公司的商铺,http://dongguan0410024.11467.com
东莞市东城聚鑫机械五金厂,http:////www.11467.com/dongguan/co/556751.htm
东莞市东城聚鑫机械五金厂的商铺,http://dongguan0556751.11467.com
惠州市汇锋模具厂有限公司,http:////www.11467.com/huizhou/co/57083.htm
惠州市汇锋模具厂有限公司的商铺,http://huizhou057083.11467.com
深圳百事佳精密模具有限公司,http:////www.11467.com/shenzhen/co/1102332.htm
深圳百事佳精密模具有限公司的商铺,http://shenzhen01102332.11467.com
厦门冠煌工贸有限公司,http:////www.11467.com/xiamen/co/55187.htm
厦门冠煌工贸有限公司的商铺,http://xiamen055187.11467.com
无锡日升量仪有限公司,http:////www.11467.com/wuxi/co/183415.htm
无锡日升量仪有限公司的商铺,http://wuxi0183415.11467.com
厦门市普锐工贸有限公司,http:////www.11467.com/xiamen/co/19129.htm
厦门市普锐工贸有限公司的商铺,http://xiamen019129.11467.com
南阳鼎华机械制造有限公司,http:////www.11467.com/nanyang/co/34313.htm
南阳鼎华机械制造有限公司的商铺,http://nanyang034313.11467.com
山东省博兴县丰润机械厂,http:////www.11467.com/binzhou/co/35120.htm
山东省博兴县丰润机械厂的商铺,http://binzhou035120.11467.com
东莞市运成金属塑胶制品有限公司,http:////www.11467.com/dongguan/co/286471.htm
东莞市运成金属塑胶制品有限公司的商铺,http://dongguan0286471.11467.com
杭州东光科技有限公司,http:////www.11467.com/hangzhou/co/298096.htm
杭州东光科技有限公司的商铺,http://hangzhou0298096.11467.com
青岛广锋数控机械有限公司,http:////www.11467.com/qiye/1630.htm
广州新市平沙新联农机厂,http:////www.11467.com/guangzhou/co/260317.htm
广州新市平沙新联农机厂的商铺,http://guangzhou0260317.11467.com
群基精密工业（苏州）有限公司业务部,http:////www.11467.com/suzhou/co/226583.htm
群基精密工业（苏州）有限公司业务部的商铺,http://suzhou0226583.11467.com
湘潭县易俗河九九红新型建材开发制造中心,http:////www.11467.com/xiangtan/co/12721.htm
湘潭县易俗河九九红新型建材开发制造中心的商铺,http://xiangtan012721.11467.com
台州市黄岩海跃模具机械有限公司,http:////www.11467.com/taizhou/co/87924.htm
台州市黄岩海跃模具机械有限公司的商铺,http://taizhou087924.11467.com
淮安市麒翔机械制造有限公司,http:////www.11467.com/huaian/co/35033.htm
淮安市麒翔机械制造有限公司的商铺,http://huaian035033.11467.com
宁波江北登特利医疗器械有限公司,http:////www.11467.com/ningbo/co/93245.htm
宁波江北登特利医疗器械有限公司的商铺,http://ningbo093245.11467.com
余姚市余姚镇威博乐塑料模具厂,http:////www.11467.com/ningbo/co/93233.htm
余姚市余姚镇威博乐塑料模具厂的商铺,http://ningbo093233.11467.com
江门市瑞跃实业有限公司,http:////www.11467.com/jiangmen/co/88928.htm
江门市瑞跃实业有限公司的商铺,http://jiangmen088928.11467.com
聊城市中储金属有限公司,http:////www.11467.com/liaocheng/co/3204.htm
聊城市中储金属有限公司的商铺,http://liaocheng03204.11467.com
温州远扬机械制造有限公司,http:////www.11467.com/wenzhou/co/140634.htm
温州远扬机械制造有限公司的商铺,http://wenzhou0140634.11467.com
合肥四维数控设备有限责任公司,http:////www.11467.com/hefei/co/91232.htm
合肥四维数控设备有限责任公司的商铺,http://hefei091232.11467.com
宁波市北仑完美包装用品厂,http:////www.11467.com/ningbo/co/93244.htm
宁波市北仑完美包装用品厂的商铺,http://ningbo093244.11467.com
日照华源模锻有限公司,http:////www.11467.com/rizhao/co/12946.htm
日照华源模锻有限公司的商铺,http://rizhao012946.11467.com
厦门市齐源工贸有限公司,http:////www.11467.com/xiamen/co/50152.htm
厦门市齐源工贸有限公司的商铺,http://xiamen050152.11467.com
中山晋廷塑胶五金制品有限公司,http:////www.11467.com/zhongshan/co/73536.htm
中山晋廷塑胶五金制品有限公司的商铺,http://zhongshan073536.11467.com
淄博淄蓄机电设备有限责任公司,http:////www.11467.com/zibo/co/76865.htm
淄博淄蓄机电设备有限责任公司的商铺,http://zibo076865.11467.com
北京新福润达绝缘材料有限责任公司,http:////www.11467.com/beijing/co/598891.htm
北京新福润达绝缘材料有限责任公司的商铺,http://beijing0598891.11467.com
上海雁林塑胶模具厂,http:////www.11467.com/shanghai/co/804557.htm
上海雁林塑胶模具厂的商铺,http://shanghai0804557.11467.com
颖奕塑胶工业(上海)有限公司,http:////www.11467.com/shanghai/co/884407.htm
颖奕塑胶工业(上海)有限公司的商铺,http://shanghai0884407.11467.com
东莞市旭敦电子科技有限公司,http:////www.11467.com/dongguan/co/250178.htm
东莞市旭敦电子科技有限公司的商铺,http://dongguan0250178.11467.com
佛山市南海远美车灯模具厂,http:////www.11467.com/foshan/co/221702.htm
佛山市南海远美车灯模具厂的商铺,http://foshan0221702.11467.com
新乡市金鼎花辊制造有限公司,http:////www.11467.com/xinxiang/co/21611.htm
新乡市金鼎花辊制造有限公司的商铺,http://xinxiang021611.11467.com
宁波市鄞州舟宁机械配件厂,http:////www.11467.com/ningbo/co/93241.htm
宁波市鄞州舟宁机械配件厂的商铺,http://ningbo093241.11467.com
景县保成胶管液压气动附件厂,http:////www.11467.com/hengshui/co/33827.htm
景县保成胶管液压气动附件厂的商铺,http://hengshui033827.11467.com
宁波市北仑区大矸德鑫精密模具制造厂,http:////www.11467.com/ningbo/co/93237.htm
宁波市北仑区大矸德鑫精密模具制造厂的商铺,http://ningbo093237.11467.com
无锡市苏泰金属制品有限公司,http:////www.11467.com/wuxi/co/187659.htm
无锡市苏泰金属制品有限公司的商铺,http://wuxi0187659.11467.com
东莞市长安丽华精密模具厂,http:////www.11467.com/dongguan/co/56824.htm
东莞市长安丽华精密模具厂的商铺,http://dongguan056824.11467.com
佛山市南海区金奥龙模具机械厂,http:////www.11467.com/foshan/co/240884.htm
佛山市南海区金奥龙模具机械厂的商铺,http://foshan0240884.11467.com
佛山市科妙机械有限公司,http:////www.11467.com/foshan/co/179775.htm
佛山市科妙机械有限公司的商铺,http://foshan0179775.11467.com
深圳市宝安区公明精创热能五金设备厂,http:////www.11467.com/shenzhen/co/500714.htm
深圳市宝安区公明精创热能五金设备厂的商铺,http://shenzhen0500714.11467.com
中山火炬开发区玖安模具商行,http:////www.11467.com/zhongshan/co/42802.htm
中山火炬开发区玖安模具商行的商铺,http://zhongshan042802.11467.com
宜兴市红光模具厂,http:////www.11467.com/wuxi/co/79000.htm
宜兴市红光模具厂的商铺,http://wuxi079000.11467.com
宁波市佳旺压铸模具制造有限公司,http:////www.11467.com/ningbo/co/81431.htm
宁波市佳旺压铸模具制造有限公司的商铺,http://ningbo081431.11467.com
浙江黄岩吉丰塑料厂,http:////www.11467.com/taizhou/co/8205.htm
浙江黄岩吉丰塑料厂的商铺,http://taizhou08205.11467.com
深圳市佳鑫一帆科技有限公司,http:////www.11467.com/shenzhen/co/488568.htm
深圳市佳鑫一帆科技有限公司的商铺,http://shenzhen0488568.11467.com
苏州易派克包装制品有限公司,http:////www.11467.com/suzhou/co/313023.htm
苏州易派克包装制品有限公司的商铺,http://suzhou0313023.11467.com
南京允诚冶金设备有限公司,http:////www.11467.com/nanjing/co/143297.htm
南京允诚冶金设备有限公司的商铺,http://nanjing0143297.11467.com
宁波市鄞州五乡振兴塑料模具厂,http:////www.11467.com/ningbo/co/12506.htm
宁波市鄞州五乡振兴塑料模具厂的商铺,http://ningbo012506.11467.com
宁波市北仑区大碶超鑫机械模具厂,http:////www.11467.com/ningbo/co/70480.htm
宁波市北仑区大碶超鑫机械模具厂的商铺,http://ningbo070480.11467.com
东莞市凤岗康的电子厂,http:////www.11467.com/dongguan/co/465630.htm
东莞市凤岗康的电子厂的商铺,http://dongguan0465630.11467.com
东莞市凤岗德日力模具加工厂,http:////www.11467.com/dongguan/co/230673.htm
东莞市凤岗德日力模具加工厂的商铺,http://dongguan0230673.11467.com
东莞市振天五金塑胶制品有限公司,http:////www.11467.com/dongguan/co/230734.htm
东莞市振天五金塑胶制品有限公司的商铺,http://dongguan0230734.11467.com
东莞市品锐电子有限公司,http:////www.11467.com/dongguan/co/412383.htm
东莞市品锐电子有限公司的商铺,http://dongguan0412383.11467.com
张家港市友胜机械制造有限公司,http:////www.11467.com/suzhou/co/304701.htm
张家港市友胜机械制造有限公司的商铺,http://suzhou0304701.11467.com
唐山德厚机械制造有限公司,http:////www.11467.com/tangshan/co/56807.htm
唐山德厚机械制造有限公司的商铺,http://tangshan056807.11467.com
无锡市华欣兴模具有限公司,http:////www.11467.com/wuxi/co/56358.htm
无锡市华欣兴模具有限公司的商铺,http://wuxi056358.11467.com
深圳市友力模塑科技有限公司,http:////www.11467.com/shenzhen/co/367295.htm
深圳市友力模塑科技有限公司的商铺,http://shenzhen0367295.11467.com
绍兴市奥登模塑有限公司,http:////www.11467.com/shaoxing/co/118834.htm
绍兴市奥登模塑有限公司的商铺,http://shaoxing0118834.11467.com
厦门康富翔机械有限公司,http:////www.11467.com/xiamen/co/24943.htm
厦门康富翔机械有限公司的商铺,http://xiamen024943.11467.com
广峻(天津)精密模具有限公司,http:////www.11467.com/tianjin/co/188841.htm
广峻(天津)精密模具有限公司的商铺,http://tianjin0188841.11467.com
珠海格力大金精密模具有限公司,http:////www.11467.com/zhuhai/co/118180.htm
珠海格力大金精密模具有限公司的商铺,http://zhuhai0118180.11467.com
保定向阳吉拉蒂机械有限公司,http:////www.11467.com/baoding/co/54720.htm
保定向阳吉拉蒂机械有限公司的商铺,http://baoding054720.11467.com
保定市大志塑料制品有限公司,http:////www.11467.com/baoding/co/3038.htm
保定市大志塑料制品有限公司的商铺,http://baoding03038.11467.com
任丘市洁达模具有限公司,http:////www.11467.com/cangzhou/co/68034.htm
任丘市洁达模具有限公司的商铺,http://cangzhou068034.11467.com
长沙市雨花区华正东泽机床经营部,http:////www.11467.com/changsha/co/81892.htm
长沙市雨花区华正东泽机床经营部的商铺,http://changsha081892.11467.com
安锐达模具厂,http:////www.11467.com/changsha/co/72371.htm
安锐达模具厂的商铺,http://changsha072371.11467.com
常州市豪天电子有限公司,http:////www.11467.com/changzhou/co/101375.htm
常州市豪天电子有限公司的商铺,http://changzhou0101375.11467.com
常州雅格复合材料有限公司,http:////www.11467.com/changzhou/co/101374.htm
常州雅格复合材料有限公司的商铺,http://changzhou0101374.11467.com
成都西瀚机电技术有限公司,http:////www.11467.com/chengdu/co/100141.htm
成都西瀚机电技术有限公司的商铺,http://chengdu0100141.11467.com
丹东市合信模具机械制造厂,http:////www.11467.com/dandong/co/40213.htm
丹东市合信模具机械制造厂的商铺,http://dandong040213.11467.com
德阳市腾龙机械铸造有限公司,http:////www.11467.com/deyang/co/31547.htm
德阳市腾龙机械铸造有限公司的商铺,http://deyang031547.11467.com
鑫科机械制造(大连)有限公司,http:////www.11467.com/dalian/co/48337.htm
鑫科机械制造(大连)有限公司的商铺,http://dalian048337.11467.com
台州市黄岩轩亚模业有限公司,http:////www.11467.com/taizhou/co/136904.htm
台州市黄岩轩亚模业有限公司的商铺,http://taizhou0136904.11467.com
常州市武进宏华塑料制品有限公司,http:////www.11467.com/changzhou/co/101373.htm
常州市武进宏华塑料制品有限公司的商铺,http://changzhou0101373.11467.com
正越企業有限公司,http:////www.11467.com/changzhou/co/152681.htm
正越企業有限公司的商铺,http://changzhou0152681.11467.com
沈阳宝兴宏宇冲压件厂,http:////www.11467.com/shenyang/co/81125.htm
沈阳宝兴宏宇冲压件厂的商铺,http://shenyang081125.11467.com
西安西光铸塑有限公司,http:////www.11467.com/xian/co/96196.htm
西安西光铸塑有限公司的商铺,http://xian096196.11467.com
珠海市呈泰机械设备有限公司,http:////www.11467.com/zhuhai/co/98419.htm
珠海市呈泰机械设备有限公司的商铺,http://zhuhai098419.11467.com
东莞市大岭山胜华五金塑胶模具加工厂,http:////www.11467.com/dongguan/co/287366.htm
东莞市大岭山胜华五金塑胶模具加工厂的商铺,http://dongguan0287366.11467.com
江门市精协盛模具钢材加工厂,http:////www.11467.com/jiangmen/co/140154.htm
江门市精协盛模具钢材加工厂的商铺,http://jiangmen0140154.11467.com
美方模具厂,http:////www.11467.com/foshan/co/225314.htm
美方模具厂的商铺,http://foshan0225314.11467.com
深圳科伟迅机电设备有限公司,http:////www.11467.com/shenzhen/co/730724.htm
深圳科伟迅机电设备有限公司的商铺,http://shenzhen0730724.11467.com
深圳市深宏达研磨抛光机器,http:////www.11467.com/shenzhen/co/369294.htm
深圳市深宏达研磨抛光机器的商铺,http://shenzhen0369294.11467.com
南皮县增泰五金制造有限公司,http:////www.11467.com/cangzhou/co/68108.htm
南皮县增泰五金制造有限公司的商铺,http://cangzhou068108.11467.com
河北泽洋五金制品有限公司,http:////www.11467.com/cangzhou/co/57311.htm
河北泽洋五金制品有限公司的商铺,http://cangzhou057311.11467.com
任丘市长城硬质合金有限公司,http:////www.11467.com/cangzhou/co/22383.htm
任丘市长城硬质合金有限公司的商铺,http://cangzhou022383.11467.com
泊头市诺亚机械制造有限公司,http:////www.11467.com/cangzhou/co/68055.htm
泊头市诺亚机械制造有限公司的商铺,http://cangzhou068055.11467.com
凯淇（深圳）五金有限公司,http:////www.11467.com/shenzhen/co/757611.htm
凯淇（深圳）五金有限公司的商铺,http://shenzhen0757611.11467.com
东莞市中锋电子科技有限公司,http:////www.11467.com/dongguan/co/603316.htm
东莞市中锋电子科技有限公司的商铺,http://dongguan0603316.11467.com
凤阳加松新型材料科技有限公司,http:////www.11467.com/qiye/23357490.htm
凤阳加松新型材料科技有限公司的商铺,http://23357490.b2b.11467.com
东莞市长安美纹模具咬花晒纹厂,http:////www.11467.com/dongguan/co/503405.htm
东莞市长安美纹模具咬花晒纹厂的商铺,http://dongguan0503405.11467.com
东莞市必扬五金压铸有限公司,http:////www.11467.com/dongguan/co/482418.htm
东莞市必扬五金压铸有限公司的商铺,http://dongguan0482418.11467.com
上海松江广缘木箱包装厂,http:////www.11467.com/shanghai/co/898219.htm
上海松江广缘木箱包装厂的商铺,http://shanghai0898219.11467.com
联发晶美实业（深圳）有限公司,http:////www.11467.com/xian/co/63723.htm
联发晶美实业（深圳）有限公司的商铺,http://xian063723.11467.com
深圳科伟迅超声波设备有限公司,http:////www.11467.com/shenzhen/co/730384.htm
深圳科伟迅超声波设备有限公司的商铺,http://shenzhen0730384.11467.com
雷捷精工科技,http:////www.11467.com/shenzhen/co/730643.htm
雷捷精工科技的商铺,http://shenzhen0730643.11467.com
上海博茆机械工业有限公司（原上海博木机床制造有限公司）,http:////www.11467.com/shanghai/co/330454.htm
上海博茆机械工业有限公司（原上海博木机床制造有限公司）的商铺,http://shanghai0330454.11467.com
泊头市明成模具制造有限公司,http:////www.11467.com/cangzhou/co/47730.htm
泊头市明成模具制造有限公司的商铺,http://cangzhou047730.11467.com
南皮县彤晟金属制品厂,http:////www.11467.com/cangzhou/co/50308.htm
南皮县彤晟金属制品厂的商铺,http://cangzhou050308.11467.com
长沙湘瑞重工有限公司,http:////www.11467.com/changsha/co/59304.htm
长沙湘瑞重工有限公司的商铺,http://changsha059304.11467.com
天津市诚义木型厂,http:////www.11467.com/tianjin/co/50987.htm
青岛鑫阳光精密模具有限公司,http:////www.11467.com/qingdao/co/124849.htm
济南市天桥区明宽机械加工部,http:////www.11467.com/jinan/co/114612.htm
青岛嘉特精密模具公司,http:////www.11467.com/qingdao/co/124890.htm
中山诚兴精密压铸,http:////www.11467.com/zhongshan/co/118838.htm
北京宏建伟业线切割加工,http:////www.11467.com/beijing/co/627712.htm
东莞市高步塑鑫友塑胶制品加工店,http:////www.11467.com/dongguan/co/412054.htm
长沙铭凯塑胶模具科技有限公司,http:////www.11467.com/qiye/16091.htm
广州白云区嘉禾七星岗海利模具,http:////www.11467.com/guangzhou/co/428475.htm
浙江汇镀层科技有限公司,http:////www.11467.com/hangzhou/co/324327.htm
东莞市横沥先辉模具雕刻店,http:////www.11467.com/dongguan/co/488761.htm
东莞市横沥先辉模具雕刻店的商铺,http://dongguan0488761.11467.com
杭州品胜有机玻璃镜片厂,http:////www.11467.com/hangzhou/co/222309.htm
杭州品胜有机玻璃镜片厂的商铺,http://hangzhou0222309.11467.com
惠州市惠城区惠鹏绝缘材料商行,http:////www.11467.com/huizhou/co/68073.htm
惠州市惠城区惠鹏绝缘材料商行的商铺,http://huizhou068073.11467.com
惠州市泾长源模具塑胶有限公司,http:////www.11467.com/huizhou/co/66185.htm
惠州市泾长源模具塑胶有限公司的商铺,http://huizhou066185.11467.com
哈尔滨市龙峰精工模具厂,http:////www.11467.com/haerbin/co/50081.htm
哈尔滨市龙峰精工模具厂的商铺,http://haerbin050081.11467.com
佛山市顺德区陈村镇顺镒机床经营部,http:////www.11467.com/foshan/co/306158.htm
佛山市顺德区陈村镇顺镒机床经营部的商铺,http://foshan0306158.11467.com
东莞市石排富沐天模具配件厂,http:////www.11467.com/dongguan/co/490458.htm
东莞市石排富沐天模具配件厂的商铺,http://dongguan0490458.11467.com
佛山市南海区创铭铝制品有限公司,http:////www.11467.com/foshan/co/355732.htm
佛山市南海区创铭铝制品有限公司的商铺,http://foshan0355732.11467.com
东莞市塘厦毅佳五金加工店,http:////www.11467.com/dongguan/co/253973.htm
东莞市塘厦毅佳五金加工店的商铺,http://dongguan0253973.11467.com
佛山市南海区震坤铝制品有限公司,http:////www.11467.com/foshan/co/306301.htm
佛山市南海区震坤铝制品有限公司的商铺,http://foshan0306301.11467.com
广州盛域手板模型有限公司,http:////www.11467.com/guangzhou/co/476323.htm
广州盛域手板模型有限公司的商铺,http://guangzhou0476323.11467.com
东莞市大岭山鑫康五金加工厂,http:////www.11467.com/dongguan/co/164661.htm
东莞市大岭山鑫康五金加工厂的商铺,http://dongguan0164661.11467.com
东莞市沙田宏越数控设备加工厂,http:////www.11467.com/dongguan/co/490265.htm
东莞市沙田宏越数控设备加工厂的商铺,http://dongguan0490265.11467.com
东莞市盛鸿硬质合金有限公司,http:////www.11467.com/dongguan/co/230674.htm
东莞市盛鸿硬质合金有限公司的商铺,http://dongguan0230674.11467.com
东莞市奥丰模具有限公司,http:////www.11467.com/dongguan/co/65828.htm
东莞市奥丰模具有限公司的商铺,http://dongguan065828.11467.com
佛山市南海区普金灯饰有限公司,http:////www.11467.com/foshan/co/219469.htm
佛山市南海区普金灯饰有限公司的商铺,http://foshan0219469.11467.com
富阳日鑫模具有限公司,http:////www.11467.com/hangzhou/co/369638.htm
富阳日鑫模具有限公司的商铺,http://hangzhou0369638.11467.com
佛山市顺德区叶诚手板模型有限公司,http:////www.11467.com/foshan/co/249191.htm
佛山市顺德区叶诚手板模型有限公司的商铺,http://foshan0249191.11467.com
东莞市寮步全发五金厂,http:////www.11467.com/dongguan/co/25746.htm
东莞市寮步全发五金厂的商铺,http://dongguan025746.11467.com
东莞市精鼎模具抛光有限公司,http:////www.11467.com/dongguan/co/477421.htm
东莞市精鼎模具抛光有限公司的商铺,http://dongguan0477421.11467.com
东莞市振和五金机械有限公司,http:////www.11467.com/dongguan/co/275342.htm
东莞市振和五金机械有限公司的商铺,http://dongguan0275342.11467.com
东莞市虎门银雀玻璃工艺厂,http:////www.11467.com/dongguan/co/168333.htm
东莞市虎门银雀玻璃工艺厂的商铺,http://dongguan0168333.11467.com
东莞市大岭山伟裕模具塑胶加工厂,http:////www.11467.com/dongguan/co/287456.htm
东莞市大岭山伟裕模具塑胶加工厂的商铺,http://dongguan0287456.11467.com
广州市荔湾区捷丰五金塑料模具厂,http:////www.11467.com/guangzhou/co/276642.htm
广州市荔湾区捷丰五金塑料模具厂的商铺,http://guangzhou0276642.11467.com
广州市利翔模具塑料有限公司,http:////www.11467.com/guangzhou/co/245490.htm
广州市利翔模具塑料有限公司的商铺,http://guangzhou0245490.11467.com
佛山市南海区大沥欢庆五金制品厂,http:////www.11467.com/foshan/co/321581.htm
佛山市南海区大沥欢庆五金制品厂的商铺,http://foshan0321581.11467.com
东莞市虎门爱特园塑胶五金制品厂,http:////www.11467.com/dongguan/co/482982.htm
东莞市虎门爱特园塑胶五金制品厂的商铺,http://dongguan0482982.11467.com
佛山市南海联益铝型材厂,http:////www.11467.com/foshan/co/338230.htm
佛山市南海联益铝型材厂的商铺,http://foshan0338230.11467.com
佛山市南海大沥灿恩五金厂,http:////www.11467.com/foshan/co/224886.htm
佛山市南海大沥灿恩五金厂的商铺,http://foshan0224886.11467.com
东莞市樟木头宏懋五金机械店,http:////www.11467.com/dongguan/co/137025.htm
东莞市樟木头宏懋五金机械店的商铺,http://dongguan0137025.11467.com
东莞市扬宇电子科技有限公司,http:////www.11467.com/dongguan/co/459745.htm
东莞市扬宇电子科技有限公司的商铺,http://dongguan0459745.11467.com
东莞市长安三马自动化设备厂,http:////www.11467.com/dongguan/co/277186.htm
东莞市长安三马自动化设备厂的商铺,http://dongguan0277186.11467.com
富阳市灵桥镇荣达通信机械厂,http:////www.11467.com/hangzhou/co/369267.htm
富阳市灵桥镇荣达通信机械厂的商铺,http://hangzhou0369267.11467.com
杭州精荣电机有限公司,http:////www.11467.com/hangzhou/co/369103.htm
杭州精荣电机有限公司的商铺,http://hangzhou0369103.11467.com
杭州杭宇机械制造有限公司,http:////www.11467.com/hangzhou/co/116757.htm
杭州杭宇机械制造有限公司的商铺,http://hangzhou0116757.11467.com
惠州市千镱五金制品有限公司,http:////www.11467.com/huizhou/co/81750.htm
惠州市千镱五金制品有限公司的商铺,http://huizhou081750.11467.com
临漳县德源碳素有限责任公司,http:////www.11467.com/handan/co/75613.htm
临漳县德源碳素有限责任公司的商铺,http://handan075613.11467.com
德州源祥豪斯橡塑化工有限公司,http:////www.11467.com/hangzhou/co/246223.htm
德州源祥豪斯橡塑化工有限公司的商铺,http://hangzhou0246223.11467.com
东莞市厚街凯金诺模具加工店,http:////www.11467.com/dongguan/co/230703.htm
东莞市厚街凯金诺模具加工店的商铺,http://dongguan0230703.11467.com
东莞市科华精密塑胶模具有限公司,http:////www.11467.com/dongguan/co/230681.htm
东莞市科华精密塑胶模具有限公司的商铺,http://dongguan0230681.11467.com
东莞市洛奇力实业有限公司,http:////www.11467.com/dongguan/co/481153.htm
东莞市洛奇力实业有限公司的商铺,http://dongguan0481153.11467.com
东莞市长威净化滤清器有限公司,http:////www.11467.com/dongguan/co/130928.htm
东莞市长威净化滤清器有限公司的商铺,http://dongguan0130928.11467.com
东莞市百纳通线缆有限公司,http:////www.11467.com/dongguan/co/359530.htm
东莞市百纳通线缆有限公司的商铺,http://dongguan0359530.11467.com
东莞市虎门信和塑胶制品厂,http:////www.11467.com/dongguan/co/119455.htm
东莞市虎门信和塑胶制品厂的商铺,http://dongguan0119455.11467.com
东莞市东坑创盛塑胶制品厂,http:////www.11467.com/dongguan/co/183594.htm
东莞市东坑创盛塑胶制品厂的商铺,http://dongguan0183594.11467.com
东莞市塘厦炜丽塑胶加工厂,http:////www.11467.com/dongguan/co/230705.htm
东莞市塘厦炜丽塑胶加工厂的商铺,http://dongguan0230705.11467.com
东莞市沙田三协精密制辊厂,http:////www.11467.com/dongguan/co/118851.htm
东莞市沙田三协精密制辊厂的商铺,http://dongguan0118851.11467.com
东莞市凤岗恒隆塑胶包装厂,http:////www.11467.com/dongguan/co/184179.htm
东莞市凤岗恒隆塑胶包装厂的商铺,http://dongguan0184179.11467.com
东莞市凌云五金制品有限公司,http:////www.11467.com/dongguan/co/264668.htm
东莞市凌云五金制品有限公司的商铺,http://dongguan0264668.11467.com
王鹏,http:////www.11467.com/guangzhou/co/197463.htm
王鹏的商铺,http://guangzhou0197463.11467.com
萍乡市创鑫填料有限公司,http:////www.11467.com/pingxiang/co/10792.htm
萍乡市创鑫填料有限公司的商铺,http://pingxiang010792.11467.com
宁波市鄞州百禾机电有限公司,http:////www.11467.com/ningbo/co/93249.htm
宁波市鄞州百禾机电有限公司的商铺,http://ningbo093249.11467.com
宁海县西店久丰文具厂,http:////www.11467.com/ningbo/co/93248.htm
宁海县西店久丰文具厂的商铺,http://ningbo093248.11467.com
宁波市北仑科业机械有限公司,http:////www.11467.com/ningbo/co/93242.htm
宁波市北仑科业机械有限公司的商铺,http://ningbo093242.11467.com
萍乡市方兴石化填料有限公司,http:////www.11467.com/pingxiang/co/9787.htm
萍乡市方兴石化填料有限公司的商铺,http://pingxiang09787.11467.com
宁波海曙普吉精密模具有限公司,http:////www.11467.com/ningbo/co/93240.htm
宁波海曙普吉精密模具有限公司的商铺,http://ningbo093240.11467.com
即墨市孔泽模具厂,http:////www.11467.com/qingdao/co/88729.htm
即墨市孔泽模具厂的商铺,http://qingdao088729.11467.com
湖州城区通顺拉丝模厂,http:////www.11467.com/huzhou/co/1724.htm
湖州城区通顺拉丝模厂的商铺,http://huzhou01724.11467.com
嘉兴良信模具科技有限公司,http:////www.11467.com/jiaxing/co/85396.htm
嘉兴良信模具科技有限公司的商铺,http://jiaxing085396.11467.com
嘉兴市虎跃金属制品有限公司,http:////www.11467.com/jiaxing/co/85516.htm
嘉兴市虎跃金属制品有限公司的商铺,http://jiaxing085516.11467.com
广东省揭阳市印达模具厂,http:////www.11467.com/jieyang/co/23423.htm
广东省揭阳市印达模具厂的商铺,http://jieyang023423.11467.com
揭阳试验区维兴塑料模具厂,http:////www.11467.com/jieyang/co/23421.htm
揭阳试验区维兴塑料模具厂的商铺,http://jieyang023421.11467.com
嘉兴市天旭塑业有限公司,http:////www.11467.com/jiaxing/co/84012.htm
嘉兴市天旭塑业有限公司的商铺,http://jiaxing084012.11467.com
金华市豪强信息技术有限公司,http:////www.11467.com/jinhua/co/73697.htm
金华市豪强信息技术有限公司的商铺,http://jinhua073697.11467.com
金华市婺城区晶辉塑料制品厂,http:////www.11467.com/jinhua/co/73696.htm
金华市婺城区晶辉塑料制品厂的商铺,http://jinhua073696.11467.com
义乌合兴特印厂,http:////www.11467.com/jinhua/co/73694.htm
义乌合兴特印厂的商铺,http://jinhua073694.11467.com
金华宝驰塑胶工具有限公司,http:////www.11467.com/jinhua/co/73698.htm
金华宝驰塑胶工具有限公司的商铺,http://jinhua073698.11467.com
昆明市官渡区广发塑料模具厂,http:////www.11467.com/kunming/co/107351.htm
昆明市官渡区广发塑料模具厂的商铺,http://kunming0107351.11467.com
兰州普锐机电产品设计中心,http:////www.11467.com/lanzhou/co/63659.htm
兰州普锐机电产品设计中心的商铺,http://lanzhou063659.11467.com
临沂锐达蓬业,http:////www.11467.com/linyi/co/60988.htm
临沂锐达蓬业的商铺,http://linyi060988.11467.com
临沂同发塑业有限公司,http:////www.11467.com/linyi/co/60987.htm
临沂同发塑业有限公司的商铺,http://linyi060987.11467.com
丽水市夏龙笔舌水器厂,http:////www.11467.com/lishui/co/2403.htm
丽水市夏龙笔舌水器厂的商铺,http://lishui02403.11467.com
南京华强模具塑料厂,http:////www.11467.com/nanjing/co/77285.htm
南京华强模具塑料厂的商铺,http://nanjing077285.11467.com
宁波北仑宝莲工贸有限公司,http:////www.11467.com/ningbo/co/93238.htm
宁波北仑宝莲工贸有限公司的商铺,http://ningbo093238.11467.com
宁波市鄞州科畅电器有限公司,http:////www.11467.com/ningbo/co/93251.htm
宁波市鄞州科畅电器有限公司的商铺,http://ningbo093251.11467.com
宁波市鄞州精晟冲件厂,http:////www.11467.com/ningbo/co/93243.htm
宁波市鄞州精晟冲件厂的商铺,http://ningbo093243.11467.com
大城县权村全兴聚氨酯发泡设备厂,http:////www.11467.com/langfang/co/24937.htm
大城县权村全兴聚氨酯发泡设备厂的商铺,http://langfang024937.11467.com
南通富华不锈钢制品有限公司,http:////www.11467.com/nantong/co/53592.htm
南通富华不锈钢制品有限公司的商铺,http://nantong053592.11467.com
宁波市北仑区大矸中东模具五金厂,http:////www.11467.com/ningbo/co/93236.htm
宁波市北仑区大矸中东模具五金厂的商铺,http://ningbo093236.11467.com
宁波市鄞州嘉润模塑厂,http:////www.11467.com/ningbo/co/93232.htm
宁波市鄞州嘉润模塑厂的商铺,http://ningbo093232.11467.com
南通市崇川区钜烽五金刀具商行,http:////www.11467.com/nantong/co/106923.htm
南通市崇川区钜烽五金刀具商行的商铺,http://nantong0106923.11467.com
嘉兴市南湖区城东鼎盛模具厂,http:////www.11467.com/jiaxing/co/85395.htm
嘉兴市南湖区城东鼎盛模具厂的商铺,http://jiaxing085395.11467.com
揭阳市榕城区西马亮亮立体雕刻厂,http:////www.11467.com/jieyang/co/23422.htm
揭阳市榕城区西马亮亮立体雕刻厂的商铺,http://jieyang023422.11467.com
宁波市北仑区大碶德精特模具厂,http:////www.11467.com/ningbo/co/93259.htm
宁波市北仑区大碶德精特模具厂的商铺,http://ningbo093259.11467.com
章丘市龙山鹤鸣机械模具制作中心,http:////www.11467.com/jinan/co/81102.htm
章丘市龙山鹤鸣机械模具制作中心的商铺,http://jinan081102.11467.com
嘉兴市捷冠机械有限公司,http:////www.11467.com/jiaxing/co/123413.htm
嘉兴市捷冠机械有限公司的商铺,http://jiaxing0123413.11467.com
南通博锐精密橡塑技术有限公司,http:////www.11467.com/nantong/co/94433.htm
南通博锐精密橡塑技术有限公司的商铺,http://nantong094433.11467.com
龙岩市新罗区三山机械厂,http:////www.11467.com/longyan/co/21660.htm
龙岩市新罗区三山机械厂的商铺,http://longyan021660.11467.com
济南诚盛塑胶制品有限公司,http:////www.11467.com/jinan/co/81100.htm
济南诚盛塑胶制品有限公司的商铺,http://jinan081100.11467.com
青岛永康机械厂,http:////www.11467.com/qingdao/co/88820.htm
青岛永康机械厂的商铺,http://qingdao088820.11467.com
江门市蓬江区越竣模具厂,http:////www.11467.com/jiangmen/co/91467.htm
江门市蓬江区越竣模具厂的商铺,http://jiangmen091467.11467.com
万兹莱压缩机械(上海)有限公司,http:////www.11467.com/nanchang/co/107527.htm
万兹莱压缩机械(上海)有限公司的商铺,http://nanchang0107527.11467.com
南通建业精密模具表面处理有限公司,http:////www.11467.com/nantong/co/106939.htm
南通建业精密模具表面处理有限公司的商铺,http://nantong0106939.11467.com
宁波奇奥特实业有限公司,http:////www.11467.com/ningbo/co/47197.htm
宁波奇奥特实业有限公司的商铺,http://ningbo047197.11467.com
余姚市江凌塑业厂,http:////www.11467.com/ningbo/co/38977.htm
余姚市江凌塑业厂的商铺,http://ningbo038977.11467.com
南京鑫烁机械设备有限公司,http:////www.11467.com/nanjing/co/114527.htm
南京鑫烁机械设备有限公司的商铺,http://nanjing0114527.11467.com
南通贝泰机械制造有限公司,http:////www.11467.com/nantong/co/138722.htm
南通贝泰机械制造有限公司的商铺,http://nantong0138722.11467.com
济南三江顺通工贸有限公司,http:////www.11467.com/jinan/co/81074.htm
济南三江顺通工贸有限公司的商铺,http://jinan081074.11467.com
嘉兴伟立精密机械有限公司,http:////www.11467.com/jiaxing/co/115075.htm
嘉兴伟立精密机械有限公司的商铺,http://jiaxing0115075.11467.com
大城县嘉盛机动车配件厂,http:////www.11467.com/langfang/co/46732.htm
大城县嘉盛机动车配件厂的商铺,http://langfang046732.11467.com
深圳市文森特橡塑制品有限公司,http:////www.11467.com/shenzhen/co/790026.htm
深圳市文森特橡塑制品有限公司的商铺,http://shenzhen0790026.11467.com
勋龙精密模具（昆山）有限公司,http:////www.11467.com/suzhou/co/201654.htm
勋龙精密模具（昆山）有限公司的商铺,http://suzhou0201654.11467.com
深圳市海胜自动化设备有限公司,http:////www.11467.com/shenzhen/co/809867.htm
深圳市海胜自动化设备有限公司的商铺,http://shenzhen0809867.11467.com
沈阳市皇姑区东洋不锈钢橱具厂,http:////www.11467.com/shenyang/co/62486.htm
沈阳市皇姑区东洋不锈钢橱具厂的商铺,http://shenyang062486.11467.com
沈阳方也信贸易有限公司,http:////www.11467.com/shenyang/co/29402.htm
沈阳方也信贸易有限公司的商铺,http://shenyang029402.11467.com
泉州市丰泽五福塑料包装用品厂,http:////www.11467.com/quanzhou/co/100849.htm
泉州市丰泽五福塑料包装用品厂的商铺,http://quanzhou0100849.11467.com
苏州市相城区渭塘马斯特五金加工厂,http:////www.11467.com/suzhou/co/233083.htm
苏州市相城区渭塘马斯特五金加工厂的商铺,http://suzhou0233083.11467.com
苏州市吴中区木渎亮宇精密模具厂,http:////www.11467.com/suzhou/co/226577.htm
苏州市吴中区木渎亮宇精密模具厂的商铺,http://suzhou0226577.11467.com
深圳市可容精密科技有限公司,http:////www.11467.com/shenzhen/co/811170.htm
深圳市可容精密科技有限公司的商铺,http://shenzhen0811170.11467.com
深圳市壹佳创新科技有限公司,http:////www.11467.com/shenzhen/co/725633.htm
深圳市壹佳创新科技有限公司的商铺,http://shenzhen0725633.11467.com
深圳市嘉源盛模具有限公司,http:////www.11467.com/shenzhen/co/333484.htm
深圳市嘉源盛模具有限公司的商铺,http://shenzhen0333484.11467.com
深圳市爱比瑞塑胶模具有限公司,http:////www.11467.com/shenzhen/co/495118.htm
深圳市爱比瑞塑胶模具有限公司的商铺,http://shenzhen0495118.11467.com
苏州神德精密工业有限公司,http:////www.11467.com/suzhou/co/232525.htm
苏州神德精密工业有限公司的商铺,http://suzhou0232525.11467.com
深圳市鼎铭雕刻设计有限公司,http:////www.11467.com/shenzhen/co/809193.htm
深圳市鼎铭雕刻设计有限公司的商铺,http://shenzhen0809193.11467.com
深圳市睿想模型有限公司,http:////www.11467.com/shenzhen/co/810028.htm
深圳市睿想模型有限公司的商铺,http://shenzhen0810028.11467.com
苏州威汉数控科技有限公司,http:////www.11467.com/suzhou/co/307568.htm
苏州威汉数控科技有限公司的商铺,http://suzhou0307568.11467.com
深圳市永恒力五金有限公司,http:////www.11467.com/shenzhen/co/493211.htm
深圳市永恒力五金有限公司的商铺,http://shenzhen0493211.11467.com
深圳市华丰顺实业有限公司,http:////www.11467.com/shenzhen/co/94826.htm
深圳市华丰顺实业有限公司的商铺,http://shenzhen094826.11467.com
深圳市金珠激光焊接有限公司,http:////www.11467.com/shenzhen/co/811668.htm
深圳市金珠激光焊接有限公司的商铺,http://shenzhen0811668.11467.com
深圳市好加利科技有限公司,http:////www.11467.com/shenzhen/co/810356.htm
深圳市好加利科技有限公司的商铺,http://shenzhen0810356.11467.com
深圳市国富电子有限公司,http:////www.11467.com/shenzhen/co/224733.htm
深圳市国富电子有限公司的商铺,http://shenzhen0224733.11467.com
深圳市谷丰五金塑胶有限公司,http:////www.11467.com/shenzhen/co/774656.htm
深圳市谷丰五金塑胶有限公司的商铺,http://shenzhen0774656.11467.com
深圳市科之鼎数控科技有限公司,http:////www.11467.com/shenzhen/co/430726.htm
深圳市科之鼎数控科技有限公司的商铺,http://shenzhen0430726.11467.com
深圳市兴科荣科技有限公司,http:////www.11467.com/shenzhen/co/487146.htm
深圳市兴科荣科技有限公司的商铺,http://shenzhen0487146.11467.com
深圳市合通精密模具注塑有限公司,http:////www.11467.com/shenzhen/co/367313.htm
深圳市合通精密模具注塑有限公司的商铺,http://shenzhen0367313.11467.com
深圳市源鑫达五金电子有限公司,http:////www.11467.com/shenzhen/co/495997.htm
深圳市源鑫达五金电子有限公司的商铺,http://shenzhen0495997.11467.com
昆山天得一精密机械有限公司,http:////www.11467.com/suzhou/co/356402.htm
昆山天得一精密机械有限公司的商铺,http://suzhou0356402.11467.com
深圳市利城丰五金塑胶有限公司,http:////www.11467.com/shenzhen/co/757898.htm
深圳市利城丰五金塑胶有限公司的商铺,http://shenzhen0757898.11467.com
深圳市利兴鸿业精密刀模有限公司,http:////www.11467.com/shenzhen/co/488132.htm
深圳市利兴鸿业精密刀模有限公司的商铺,http://shenzhen0488132.11467.com
深圳市龙岗区创利信五金模具制品厂,http:////www.11467.com/shenzhen/co/811139.htm
深圳市龙岗区创利信五金模具制品厂的商铺,http://shenzhen0811139.11467.com
深圳市泓志鑫科技有限公司,http:////www.11467.com/shenzhen/co/368199.htm
深圳市泓志鑫科技有限公司的商铺,http://shenzhen0368199.11467.com
深圳市华翔陶瓷有限公司,http:////www.11467.com/shenzhen/co/811497.htm
深圳市华翔陶瓷有限公司的商铺,http://shenzhen0811497.11467.com
克努特贸易(深圳)有限公司,http:////www.11467.com/shenzhen/co/486902.htm
克努特贸易(深圳)有限公司的商铺,http://shenzhen0486902.11467.com
深圳市宝安区沙井威尔斯塑胶电子经营部,http:////www.11467.com/shenzhen/co/729031.htm
深圳市宝安区沙井威尔斯塑胶电子经营部的商铺,http://shenzhen0729031.11467.com
深圳市鑫精准模具加工厂,http:////www.11467.com/shenzhen/co/367311.htm
深圳市鑫精准模具加工厂的商铺,http://shenzhen0367311.11467.com
深圳市金色平原科技有限公司,http:////www.11467.com/shenzhen/co/761785.htm
深圳市金色平原科技有限公司的商铺,http://shenzhen0761785.11467.com
深圳市欧卡沃塑胶电子有限公司,http:////www.11467.com/shenzhen/co/800062.htm
深圳市欧卡沃塑胶电子有限公司的商铺,http://shenzhen0800062.11467.com
深圳市南山区深源模具五金机械厂,http:////www.11467.com/shenzhen/co/427403.htm
深圳市南山区深源模具五金机械厂的商铺,http://shenzhen0427403.11467.com
太仓市格鲁机电有限公司,http:////www.11467.com/suzhou/co/300566.htm
太仓市格鲁机电有限公司的商铺,http://suzhou0300566.11467.com
深圳市忠友顺减速电机有限公司,http:////www.11467.com/shenzhen/co/812587.htm
深圳市忠友顺减速电机有限公司的商铺,http://shenzhen0812587.11467.com
深圳市智田精密机电有限公司,http:////www.11467.com/shenzhen/co/807584.htm
深圳市智田精密机电有限公司的商铺,http://shenzhen0807584.11467.com
苏州富春精密机械有限公司,http:////www.11467.com/suzhou/co/226580.htm
苏州富春精密机械有限公司的商铺,http://suzhou0226580.11467.com
深圳市隆信拉链有限公司,http:////www.11467.com/shenzhen/co/243851.htm
深圳市隆信拉链有限公司的商铺,http://shenzhen0243851.11467.com
深圳市凯沃特有机硅材料有限公司,http:////www.11467.com/shenzhen/co/269824.htm
深圳市凯沃特有机硅材料有限公司的商铺,http://shenzhen0269824.11467.com
深圳市金跃鑫科技有限公司,http:////www.11467.com/shenzhen/co/723388.htm
深圳市金跃鑫科技有限公司的商铺,http://shenzhen0723388.11467.com
深圳市新思达日用品有限公司,http:////www.11467.com/shenzhen/co/367359.htm
深圳市新思达日用品有限公司的商铺,http://shenzhen0367359.11467.com
深圳市宝安区松岗辉宏模具经营部,http:////www.11467.com/shenzhen/co/491006.htm
深圳市宝安区松岗辉宏模具经营部的商铺,http://shenzhen0491006.11467.com
深圳市宝安区沙井隆兴精密铸造厂,http:////www.11467.com/shenzhen/co/423599.htm
深圳市宝安区沙井隆兴精密铸造厂的商铺,http://shenzhen0423599.11467.com
深圳市键创辉塑胶模具有限公司,http:////www.11467.com/shenzhen/co/367387.htm
深圳市键创辉塑胶模具有限公司的商铺,http://shenzhen0367387.11467.com
深圳市力洁科技有限公司,http:////www.11467.com/shenzhen/co/367371.htm
深圳市力洁科技有限公司的商铺,http://shenzhen0367371.11467.com
台州市黄岩通拓塑料模具厂,http:////www.11467.com/taizhou/co/87941.htm
台州市黄岩通拓塑料模具厂的商铺,http://taizhou087941.11467.com
台州市黄岩临泰塑料模具厂,http:////www.11467.com/taizhou/co/87958.htm
台州市黄岩临泰塑料模具厂的商铺,http://taizhou087958.11467.com
河北邢台原庄模具厂双鼎密封网销部,http:////www.11467.com/xintai/co/34336.htm
河北邢台原庄模具厂双鼎密封网销部的商铺,http://xintai034336.11467.com
台州市黄岩精旺塑料模具厂,http:////www.11467.com/taizhou/co/87916.htm
台州市黄岩精旺塑料模具厂的商铺,http://taizhou087916.11467.com
台州市黄岩嘉和塑胶有限公司,http:////www.11467.com/taizhou/co/87909.htm
台州市黄岩嘉和塑胶有限公司的商铺,http://taizhou087909.11467.com
泰安同创平衡机有限责任公司,http:////www.11467.com/taian/co/34275.htm
泰安同创平衡机有限责任公司的商铺,http://taian034275.11467.com
台州市黄岩跃泰塑料模具厂,http:////www.11467.com/taizhou/co/87934.htm
台州市黄岩跃泰塑料模具厂的商铺,http://taizhou087934.11467.com
无锡众用模塑有限公司,http:////www.11467.com/wuxi/co/200351.htm
无锡众用模塑有限公司的商铺,http://wuxi0200351.11467.com
无锡万众精密模具有限公司,http:////www.11467.com/wuxi/co/195369.htm
无锡万众精密模具有限公司的商铺,http://wuxi0195369.11467.com
无锡市志宏机械厂,http:////www.11467.com/wuxi/co/186797.htm
无锡市志宏机械厂的商铺,http://wuxi0186797.11467.com
无锡欣亿精密模具有限公司,http:////www.11467.com/wuxi/co/195461.htm
无锡欣亿精密模具有限公司的商铺,http://wuxi0195461.11467.com
台州市黄岩鑫诺塑模有限公司,http:////www.11467.com/taizhou/co/87917.htm
台州市黄岩鑫诺塑模有限公司的商铺,http://taizhou087917.11467.com
台州市黄岩宏寰塑料模具厂,http:////www.11467.com/taizhou/co/87959.htm
台州市黄岩宏寰塑料模具厂的商铺,http://taizhou087959.11467.com
台州市黄岩亿洲塑料模具厂,http:////www.11467.com/taizhou/co/87939.htm
台州市黄岩亿洲塑料模具厂的商铺,http://taizhou087939.11467.com
台州市黄岩尊益模具厂,http:////www.11467.com/taizhou/co/87954.htm
台州市黄岩尊益模具厂的商铺,http://taizhou087954.11467.com
台州市黄岩新视窗塑料厂,http:////www.11467.com/taizhou/co/87948.htm
台州市黄岩新视窗塑料厂的商铺,http://taizhou087948.11467.com
台州市路桥华泰塑料模具厂,http:////www.11467.com/taizhou/co/87945.htm
台州市路桥华泰塑料模具厂的商铺,http://taizhou087945.11467.com
台州市黄岩正涛模具厂,http:////www.11467.com/taizhou/co/87930.htm
台州市黄岩正涛模具厂的商铺,http://taizhou087930.11467.com
黄岩高峰模具厂,http:////www.11467.com/taizhou/co/87910.htm
黄岩高峰模具厂的商铺,http://taizhou087910.11467.com
台州市黄岩林旭塑料模具厂,http:////www.11467.com/taizhou/co/87933.htm
台州市黄岩林旭塑料模具厂的商铺,http://taizhou087933.11467.com
台州市黄岩云良模具厂,http:////www.11467.com/taizhou/co/87955.htm
台州市黄岩云良模具厂的商铺,http://taizhou087955.11467.com
黄岩鼎诚模具厂,http:////www.11467.com/taizhou/co/87972.htm
黄岩鼎诚模具厂的商铺,http://taizhou087972.11467.com
威海佳成快速成形科技有限公司,http:////www.11467.com/weihai/co/30647.htm
威海佳成快速成形科技有限公司的商铺,http://weihai030647.11467.com
无锡莱斯帝汽车焊装设备有限公司,http:////www.11467.com/wuxi/co/192353.htm
无锡莱斯帝汽车焊装设备有限公司的商铺,http://wuxi0192353.11467.com
台州市奇龙汽车部件有限公司,http:////www.11467.com/taizhou/co/87918.htm
台州市奇龙汽车部件有限公司的商铺,http://taizhou087918.11467.com
台州市飞捷塑胶有限公司,http:////www.11467.com/taizhou/co/87931.htm
台州市飞捷塑胶有限公司的商铺,http://taizhou087931.11467.com
台州市黄岩泰杰模塑有限公司,http:////www.11467.com/taizhou/co/87923.htm
台州市黄岩泰杰模塑有限公司的商铺,http://taizhou087923.11467.com
台州市黄岩乾发模具有限公司,http:////www.11467.com/taizhou/co/87932.htm
台州市黄岩乾发模具有限公司的商铺,http://taizhou087932.11467.com
台州市黄岩雨田模具机械厂,http:////www.11467.com/taizhou/co/87970.htm
台州市黄岩雨田模具机械厂的商铺,http://taizhou087970.11467.com
厦门恩西工贸有限公司,http:////www.11467.com/xiamen/co/57451.htm
厦门恩西工贸有限公司的商铺,http://xiamen057451.11467.com
台州市黄岩新视觉模具厂,http:////www.11467.com/taizhou/co/87951.htm
台州市黄岩新视觉模具厂的商铺,http://taizhou087951.11467.com
台州市黄岩光芒模塑有限公司,http:////www.11467.com/taizhou/co/87925.htm
台州市黄岩光芒模塑有限公司的商铺,http://taizhou087925.11467.com
台州市黄岩君航模具塑料厂,http:////www.11467.com/taizhou/co/87971.htm
台州市黄岩君航模具塑料厂的商铺,http://taizhou087971.11467.com
无锡市群达塑料制品厂,http:////www.11467.com/wuxi/co/188124.htm
无锡市群达塑料制品厂的商铺,http://wuxi0188124.11467.com
厦门艾诺威商贸有限公司,http:////www.11467.com/xiamen/co/54030.htm
厦门艾诺威商贸有限公司的商铺,http://xiamen054030.11467.com
台州市黄岩思维模塑有限公司,http:////www.11467.com/taizhou/co/87908.htm
台州市黄岩思维模塑有限公司的商铺,http://taizhou087908.11467.com
台州市黄岩北城计生金属签加工厂,http:////www.11467.com/taizhou/co/87969.htm
台州市黄岩北城计生金属签加工厂的商铺,http://taizhou087969.11467.com
台州市路桥腾荣汽配模具厂,http:////www.11467.com/taizhou/co/11999.htm
台州市路桥腾荣汽配模具厂的商铺,http://taizhou011999.11467.com
台州市黄岩正梁塑料机械厂,http:////www.11467.com/taizhou/co/9780.htm
台州市黄岩正梁塑料机械厂的商铺,http://taizhou09780.11467.com
武汉中辉现代机械制造有限公司,http:////www.11467.com/wuhan/co/78959.htm
武汉中辉现代机械制造有限公司的商铺,http://wuhan078959.11467.com
无锡市胡埭环宇工程建筑机械厂,http:////www.11467.com/wuxi/co/56254.htm
无锡市胡埭环宇工程建筑机械厂的商铺,http://wuxi056254.11467.com
温州市星澳科技有限公司,http:////www.11467.com/wenzhou/co/237806.htm
温州市星澳科技有限公司的商铺,http://wenzhou0237806.11467.com
台州市金禾塑胶有限公司,http:////www.11467.com/taizhou/co/87937.htm
台州市金禾塑胶有限公司的商铺,http://taizhou087937.11467.com
台州市黄岩晟阁模具塑料厂,http:////www.11467.com/taizhou/co/87967.htm
台州市黄岩晟阁模具塑料厂的商铺,http://taizhou087967.11467.com
无锡市三江塑料模具厂,http:////www.11467.com/wuxi/co/35446.htm
无锡市三江塑料模具厂的商铺,http://wuxi035446.11467.com
台州市黄岩银源模具有限公司,http:////www.11467.com/taizhou/co/44607.htm
台州市黄岩银源模具有限公司的商铺,http://taizhou044607.11467.com
苏州召尔经贸有限公司,http:////www.11467.com/suzhou/co/229620.htm
苏州召尔经贸有限公司的商铺,http://suzhou0229620.11467.com
台州市天时利塑业有限公司,http:////www.11467.com/taizhou/co/6649.htm
台州市天时利塑业有限公司的商铺,http://taizhou06649.11467.com
厦门华大立数控机床有限公司,http:////www.11467.com/xiamen/co/95948.htm
厦门华大立数控机床有限公司的商铺,http://xiamen095948.11467.com
尤扬电器制造(厦门)有限公司,http:////www.11467.com/xiamen/co/62674.htm
尤扬电器制造(厦门)有限公司的商铺,http://xiamen062674.11467.com
徐州恒发玻璃制品有限公司,http:////www.11467.com/xuzhou/co/54196.htm
徐州恒发玻璃制品有限公司的商铺,http://xuzhou054196.11467.com
上海添语焊接设备有限公司,http:////www.11467.com/shanghai/co/316752.htm
上海添语焊接设备有限公司的商铺,http://shanghai0316752.11467.com
上海安台红贸易有限公司,http:////www.11467.com/shanghai/co/245350.htm
上海安台红贸易有限公司的商铺,http://shanghai0245350.11467.com
天津金嘉诺机电设备销售有限公司,http:////www.11467.com/tianjin/co/117475.htm
天津金嘉诺机电设备销售有限公司的商铺,http://tianjin0117475.11467.com
中山市小榄镇振邦注塑加工厂,http:////www.11467.com/zhongshan/co/73397.htm
中山市小榄镇振邦注塑加工厂的商铺,http://zhongshan073397.11467.com
北京沙河捷隆充气模型制作中心,http:////www.11467.com/beijing/co/18451.htm
北京沙河捷隆充气模型制作中心的商铺,http://beijing018451.11467.com
北京天翔航宇科技有限公司,http:////www.11467.com/beijing/co/312267.htm
北京天翔航宇科技有限公司的商铺,http://beijing0312267.11467.com
漳州市臻隆金属制品有限公司,http:////www.11467.com/zhangzhou/co/38746.htm
漳州市臻隆金属制品有限公司的商铺,http://zhangzhou038746.11467.com
天津市凯悦峰电碳制品有限公司,http:////www.11467.com/tianjin/co/137662.htm
天津市凯悦峰电碳制品有限公司的商铺,http://tianjin0137662.11467.com
中山市小榄镇百益模具加工厂,http:////www.11467.com/zhongshan/co/83295.htm
中山市小榄镇百益模具加工厂的商铺,http://zhongshan083295.11467.com
上海润缆模具制造厂,http:////www.11467.com/shanghai/co/884410.htm
上海润缆模具制造厂的商铺,http://shanghai0884410.11467.com
淄博双源铜铝铸造厂,http:////www.11467.com/zibo/co/75743.htm
淄博双源铜铝铸造厂的商铺,http://zibo075743.11467.com
上海义连钢模制造有限公司,http:////www.11467.com/shanghai/co/316753.htm
上海义连钢模制造有限公司的商铺,http://shanghai0316753.11467.com
上海星智模具有限公司,http:////www.11467.com/shanghai/co/804548.htm
上海星智模具有限公司的商铺,http://shanghai0804548.11467.com
上海侨松机械模具有限公司,http:////www.11467.com/shanghai/co/517946.htm
上海侨松机械模具有限公司的商铺,http://shanghai0517946.11467.com
漳州中山塑料厂,http:////www.11467.com/zhangzhou/co/38262.htm
漳州中山塑料厂的商铺,http://zhangzhou038262.11467.com
达尔科光学有限公司,http:////www.11467.com/zhongshan/co/73394.htm
达尔科光学有限公司的商铺,http://zhongshan073394.11467.com
中山市高远精密模具有限公司,http:////www.11467.com/zhongshan/co/83196.htm
中山市高远精密模具有限公司的商铺,http://zhongshan083196.11467.com
中山市东升镇燊佳电子电器厂,http:////www.11467.com/zhongshan/co/73383.htm
中山市东升镇燊佳电子电器厂的商铺,http://zhongshan073383.11467.com
盐城市鑫浩机械制造有限公司,http:////www.11467.com/yancheng/co/55938.htm
盐城市鑫浩机械制造有限公司的商铺,http://yancheng055938.11467.com
扬州市邗江佳诚五金模具加工厂,http:////www.11467.com/yangzhou/co/80911.htm
扬州市邗江佳诚五金模具加工厂的商铺,http://yangzhou080911.11467.com
邢台市鸿驰塑料配件厂,http:////www.11467.com/xintai/co/34335.htm
邢台市鸿驰塑料配件厂的商铺,http://xintai034335.11467.com
信阳市天艺模具有限公司,http:////www.11467.com/xinyang/co/18823.htm
信阳市天艺模具有限公司的商铺,http://xinyang018823.11467.com
胡百(个体经营),http:////www.11467.com/beijing/co/177156.htm
胡百(个体经营)的商铺,http://beijing0177156.11467.com
上海赤晖模具制造厂,http:////www.11467.com/shanghai/co/804551.htm
上海赤晖模具制造厂的商铺,http://shanghai0804551.11467.com
上海亨诺塑料制品有限公司,http:////www.11467.com/shanghai/co/884406.htm
上海亨诺塑料制品有限公司的商铺,http://shanghai0884406.11467.com
上海坤煜复合材料有限公司,http:////www.11467.com/shanghai/co/425509.htm
上海坤煜复合材料有限公司的商铺,http://shanghai0425509.11467.com
中山市三乡镇华和丰精密塑胶模具厂,http:////www.11467.com/zhongshan/co/73391.htm
中山市三乡镇华和丰精密塑胶模具厂的商铺,http://zhongshan073391.11467.com
中山市众欣灯饰电器有限公司,http:////www.11467.com/zhongshan/co/152848.htm
中山市众欣灯饰电器有限公司的商铺,http://zhongshan0152848.11467.com
中山市坦洲镇信捷工模厂,http:////www.11467.com/zhongshan/co/73387.htm
中山市坦洲镇信捷工模厂的商铺,http://zhongshan073387.11467.com
中山市小榄镇兵发模具塑料厂,http:////www.11467.com/zhongshan/co/73392.htm
中山市小榄镇兵发模具塑料厂的商铺,http://zhongshan073392.11467.com
中山市古镇松迪照明电器厂,http:////www.11467.com/zhongshan/co/73384.htm
中山市古镇松迪照明电器厂的商铺,http://zhongshan073384.11467.com
上海艾塑实业有限公司,http:////www.11467.com/shanghai/co/738052.htm
上海艾塑实业有限公司的商铺,http://shanghai0738052.11467.com
上海谦盛实业有限公司,http:////www.11467.com/shanghai/co/668283.htm
上海谦盛实业有限公司的商铺,http://shanghai0668283.11467.com
中山市欧尼斯塑胶电子科技有限公司,http:////www.11467.com/zhongshan/co/73393.htm
中山市欧尼斯塑胶电子科技有限公司的商铺,http://zhongshan073393.11467.com
上海阳慈精密模具科技有限公司,http:////www.11467.com/shanghai/co/884409.htm
上海阳慈精密模具科技有限公司的商铺,http://shanghai0884409.11467.com
上海青浦启佳模具厂,http:////www.11467.com/shanghai/co/771127.htm
上海青浦启佳模具厂的商铺,http://shanghai0771127.11467.com
张家口精益机械传动有限公司,http:////www.11467.com/zhangjiakou/co/28468.htm
张家口精益机械传动有限公司的商铺,http://zhangjiakou028468.11467.com
广东中山爱美模具有限公司,http:////www.11467.com/zhongshan/co/73401.htm
广东中山爱美模具有限公司的商铺,http://zhongshan073401.11467.com
中山欧迪模具科技有限公司,http:////www.11467.com/zhongshan/co/73390.htm
中山欧迪模具科技有限公司的商铺,http://zhongshan073390.11467.com
滕州市丰旗机床厂,http:////www.11467.com/zaozhuang/co/37435.htm
滕州市丰旗机床厂的商铺,http://zaozhuang037435.11467.com
上海煜发玻璃厂,http:////www.11467.com/shanghai/co/713428.htm
上海煜发玻璃厂的商铺,http://shanghai0713428.11467.com
上海兴仁模型有限公司,http:////www.11467.com/shanghai/co/804556.htm
上海兴仁模型有限公司的商铺,http://shanghai0804556.11467.com
上海奚西精密模塑有限公司,http:////www.11467.com/shanghai/co/801541.htm
上海奚西精密模塑有限公司的商铺,http://shanghai0801541.11467.com
中山市森科塑料五金制品有限公司,http:////www.11467.com/zhongshan/co/71187.htm
中山市森科塑料五金制品有限公司的商铺,http://zhongshan071187.11467.com
枣庄市森特数控设备有限公司,http:////www.11467.com/zaozhuang/co/36887.htm
枣庄市森特数控设备有限公司的商铺,http://zaozhuang036887.11467.com
任县杨氏重型汽车配件制造厂,http:////www.11467.com/xintai/co/39541.htm
任县杨氏重型汽车配件制造厂的商铺,http://xintai039541.11467.com
中山火炬开发区明远达精密五金制品厂,http:////www.11467.com/zhongshan/co/77572.htm
中山火炬开发区明远达精密五金制品厂的商铺,http://zhongshan077572.11467.com
张振辉,http:////www.11467.com/xintai/co/57432.htm
张振辉的商铺,http://xintai057432.11467.com
大丰市三明铸造模具厂,http:////www.11467.com/yancheng/co/75211.htm
大丰市三明铸造模具厂的商铺,http://yancheng075211.11467.com
保定市清苑区建业模盒模具加工厂,http:////www.11467.com/baoding/co/141580.htm
保定市清苑区建业模盒模具加工厂的商铺,http://baoding0141580.11467.com
沂南县光献模具加工厂,http:////www.11467.com/qiye/91913582.htm
沂南县光献模具加工厂的商铺,http://91913582.b2b.11467.com
清苑县高庄华旭模盒模具加工厂,http:////www.11467.com/qiye/93151717.htm
清苑县高庄华旭模盒模具加工厂的商铺,http://93151717.b2b.11467.com
天津龙利钢铁贸易有限公司,http:////www.11467.com/tianjin/co/15627.htm
天津龙利钢铁贸易有限公司的商铺,http://tianjin015627.11467.com
天津市泰氟隆科技有限公司,http:////www.11467.com/tianjin/co/140879.htm
天津市泰氟隆科技有限公司的商铺,http://tianjin0140879.11467.com
佛山市南海区丹灶厚阳五金厂,http:////www.11467.com/foshan/co/222984.htm
佛山市南海区丹灶厚阳五金厂的商铺,http://foshan0222984.11467.com
重庆江洋塑胶模具有限公司,http:////www.11467.com/chongqing/co/169257.htm
重庆江洋塑胶模具有限公司的商铺,http://chongqing0169257.11467.com
马鞍山展丰机械设备公司,http:////www.11467.com/maanshan/co/30208.htm
马鞍山展丰机械设备公司的商铺,http://maanshan030208.11467.com
天津市武清区鑫运刀模制品厂,http:////www.11467.com/tianjin/co/179023.htm
天津市武清区鑫运刀模制品厂的商铺,http://tianjin0179023.11467.com
黄石市华环塑料模具有限公司,http:////www.11467.com/huangshi/co/3352.htm
黄石市华环塑料模具有限公司的商铺,http://huangshi03352.11467.com
万亚精密部件（惠州）有限公司,http:////www.11467.com/huizhou/co/66188.htm
万亚精密部件（惠州）有限公司的商铺,http://huizhou066188.11467.com
台州海翔模具有限公司,http:////www.11467.com/taizhou/co/181340.htm
台州海翔模具有限公司的商铺,http://taizhou0181340.11467.com
惠州市均正科技有限公司,http:////www.11467.com/qiye/93130699.htm
惠州市均正科技有限公司的商铺,http://93130699.b2b.11467.com
界首市广武镇新艳模具经销部,http:////www.11467.com/fuyang/co/46778.htm
界首市广武镇新艳模具经销部的商铺,http://fuyang046778.11467.com
台州市黄岩雷凌模具有限公司,http:////www.11467.com/taizhou/co/210128.htm
台州市黄岩雷凌模具有限公司的商铺,http://taizhou0210128.11467.com
上海东升模具有限公司,http:////www.11467.com/shanghai/co/1134584.htm
上海东升模具有限公司的商铺,http://shanghai01134584.11467.com
镇江宏润模具有限公司,http:////www.11467.com/zhenjiang/co/72024.htm
镇江宏润模具有限公司的商铺,http://zhenjiang072024.11467.com
上海湘佩精密模具有限公司,http:////www.11467.com/shanghai/co/1267022.htm
上海湘佩精密模具有限公司的商铺,http://shanghai01267022.11467.com
郑州市中原区立春机械加工店,http:////www.11467.com/zhengzhou/co/276438.htm
郑州市中原区立春机械加工店的商铺,http://zhengzhou0276438.11467.com
鑫铭添精密科技（东莞）有限公司,http:////www.11467.com/qiye/93316171.htm
鑫铭添精密科技（东莞）有限公司的商铺,http://93316171.b2b.11467.com
宙辉精密铸模厂,http:////www.11467.com/shantou/co/168503.htm
宙辉精密铸模厂的商铺,http://shantou0168503.11467.com
上海南汇云海金属制品厂,http:////www.11467.com/shnanhui/co/9970.htm
上海南汇云海金属制品厂的商铺,http://shnanhui09970.11467.com
深圳市龙华新区观澜超艺塑胶加工厂,http:////www.11467.com/shenzhen/co/831762.htm
深圳市龙华新区观澜超艺塑胶加工厂的商铺,http://shenzhen0831762.11467.com
东莞华航精密模具有限公司,http:////www.11467.com/dongguan/co/616803.htm
东莞华航精密模具有限公司的商铺,http://dongguan0616803.11467.com
河间市鑫诺模具厂,http:////www.11467.com/qiye/93130681.htm
河间市鑫诺模具厂的商铺,http://93130681.b2b.11467.com
东莞市黄江顺欣模具加工店,http:////www.11467.com/dongguan/co/637279.htm
东莞市黄江顺欣模具加工店的商铺,http://dongguan0637279.11467.com
上海进聪精密模具有限公司,http:////www.11467.com/shanghai/co/1274871.htm
上海进聪精密模具有限公司的商铺,http://shanghai01274871.11467.com
迈宝科模具技术有限公司,http:////www.11467.com/shenzhen/co/1087243.htm
迈宝科模具技术有限公司的商铺,http://shenzhen01087243.11467.com
泰州市邑华机械配件有限公司,http:////www.11467.com/taizhoushi/co/61349.htm
泰州市邑华机械配件有限公司的商铺,http://taizhoushi061349.11467.com
杭州加与电子有限公司,http:////www.11467.com/hangzhou/co/115859.htm
杭州加与电子有限公司的商铺,http://hangzhou0115859.11467.com
义人钻石合金模具厂,http:////www.11467.com/cangzhou/co/81430.htm
义人钻石合金模具厂的商铺,http://cangzhou081430.11467.com
佛山市南海区金沙南沙棋通五金塑料厂,http:////www.11467.com/foshan/co/224987.htm
佛山市南海区金沙南沙棋通五金塑料厂的商铺,http://foshan0224987.11467.com
广州市番禺区沙头明润模具厂,http:////www.11467.com/guangzhou/co/245488.htm
广州市番禺区沙头明润模具厂的商铺,http://guangzhou0245488.11467.com
杭州纳博望机电科技有限公司,http:////www.11467.com/hangzhou/co/246231.htm
杭州纳博望机电科技有限公司的商铺,http://hangzhou0246231.11467.com
广州铭欣塑胶模具有限公司,http:////www.11467.com/guangzhou/co/245495.htm
广州铭欣塑胶模具有限公司的商铺,http://guangzhou0245495.11467.com
佛山市南海区狮山丰源永业五金设备厂,http:////www.11467.com/foshan/co/105659.htm
佛山市南海区狮山丰源永业五金设备厂的商铺,http://foshan0105659.11467.com
重庆长海橡胶模具厂,http:////www.11467.com/chongqing/co/6569.htm
重庆长海橡胶模具厂的商铺,http://chongqing06569.11467.com
佛山市南海三新电子电器厂,http:////www.11467.com/foshan/co/241101.htm
佛山市南海三新电子电器厂的商铺,http://foshan0241101.11467.com
嘉兴市尚亿模具有限公司,http:////www.11467.com/jiaxing/co/135323.htm
嘉兴市尚亿模具有限公司的商铺,http://jiaxing0135323.11467.com
东莞市塘厦金神龙模具加工店,http:////www.11467.com/dongguan/co/616503.htm
东莞市塘厦金神龙模具加工店的商铺,http://dongguan0616503.11467.com
南京誉胜模具材料有限公司,http:////www.11467.com/nanjing/co/170082.htm
南京誉胜模具材料有限公司的商铺,http://nanjing0170082.11467.com
乐清森维模具制造科技厂,http:////www.11467.com/wenzhou/co/279969.htm
乐清森维模具制造科技厂的商铺,http://wenzhou0279969.11467.com
台州市黄岩挺益模业有限公司,http:////www.11467.com/taizhou/co/196509.htm
台州市黄岩挺益模业有限公司的商铺,http://taizhou0196509.11467.com
上海境海展览展示有限公司,http:////www.11467.com/shanghai/co/1263521.htm
上海境海展览展示有限公司的商铺,http://shanghai01263521.11467.com
新乡市卫滨区佳益模具加工厂,http:////www.11467.com/xinxiang/co/55776.htm
新乡市卫滨区佳益模具加工厂的商铺,http://xinxiang055776.11467.com
貫順金屬製品(江陰)有限公司,http:////www.11467.com/wuxi/co/274984.htm
貫順金屬製品(江陰)有限公司的商铺,http://wuxi0274984.11467.com
济宁市耐久模具有限公司,http:////www.11467.com/jining/co/108092.htm
济宁市耐久模具有限公司的商铺,http://jining0108092.11467.com
东莞市长安万博精密模具加工厂,http:////www.11467.com/dongguan/co/639848.htm
东莞市长安万博精密模具加工厂的商铺,http://dongguan0639848.11467.com
深圳市创博手板厂,http:////www.11467.com/shenzhen/co/1127655.htm
沈阳瑞达数控模具有限公司,http:////www.11467.com/shenyang/co/81296.htm
深圳市佳诺金属有限公司,http:////www.11467.com/shenzhen/co/1088965.htm
深圳市佳诺金属有限公司的商铺,http://shenzhen01088965.11467.com
保定市清苑区华兴模具加工厂,http:////www.11467.com/qiye/93228466.htm
保定市清苑区华兴模具加工厂的商铺,http://93228466.b2b.11467.com
沂南县军勤模具厂,http:////www.11467.com/qiye/93305373.htm
沂南县军勤模具厂的商铺,http://93305373.b2b.11467.com
天津市汇田电工技术有限公司,http:////www.11467.com/tianjin/co/137118.htm
天津市汇田电工技术有限公司的商铺,http://tianjin0137118.11467.com
深圳市维奇精密机械有限公司,http:////www.11467.com/shenzhen/co/810965.htm
深圳市维奇精密机械有限公司的商铺,http://shenzhen0810965.11467.com
上海泽施电子科技发展有限公司,http:////www.11467.com/yancheng/co/55600.htm
上海泽施电子科技发展有限公司的商铺,http://yancheng055600.11467.com
上海懿加实业有限公司,http:////www.11467.com/shanghai/co/163074.htm
上海懿加实业有限公司的商铺,http://shanghai0163074.11467.com
汕头市兴绿源包装制品有限公司,http:////www.11467.com/shantou/co/124121.htm
汕头市兴绿源包装制品有限公司的商铺,http://shantou0124121.11467.com
嘉兴晨凯模具有限公司,http:////www.11467.com/jiaxing/co/85408.htm
嘉兴晨凯模具有限公司的商铺,http://jiaxing085408.11467.com
揭阳市东山区磐东洪运来机械厂,http:////www.11467.com/jieyang/co/24058.htm
揭阳市东山区磐东洪运来机械厂的商铺,http://jieyang024058.11467.com
金华市高原机械模具有限公司,http:////www.11467.com/jinhua/co/2555.htm
金华市高原机械模具有限公司的商铺,http://jinhua02555.11467.com
金华市鼎鼎塑胶制品有限公司,http:////www.11467.com/jinhua/co/73692.htm
金华市鼎鼎塑胶制品有限公司的商铺,http://jinhua073692.11467.com
宁波市镇海日月制塑有限公司,http:////www.11467.com/ningbo/co/93235.htm
宁波市镇海日月制塑有限公司的商铺,http://ningbo093235.11467.com
江海区海韬橡胶模具厂,http:////www.11467.com/jiangmen/co/88929.htm
江海区海韬橡胶模具厂的商铺,http://jiangmen088929.11467.com
品夏激光科技（上海）有限公司,http:////www.11467.com/shanghai/co/1146887.htm
品夏激光科技（上海）有限公司的商铺,http://shanghai01146887.11467.com
张家港市明星机床设备供应站,http:////www.11467.com/suzhou/co/313161.htm
张家港市明星机床设备供应站的商铺,http://suzhou0313161.11467.com
南京银桥市场诺而信五金经营部,http:////www.11467.com/nanjing/co/160144.htm
南京银桥市场诺而信五金经营部的商铺,http://nanjing0160144.11467.com
乐清市东城接线板厂,http:////www.11467.com/wenzhou/co/237098.htm
乐清市东城接线板厂的商铺,http://wenzhou0237098.11467.com
苏州市吴中区甪直天德机械配件商行,http:////www.11467.com/suzhou/co/242143.htm
苏州市吴中区甪直天德机械配件商行的商铺,http://suzhou0242143.11467.com
精准精密组件（深圳）有限公司,http:////www.11467.com/shenzhen/co/1101305.htm
精准精密组件（深圳）有限公司的商铺,http://shenzhen01101305.11467.com
深圳市宝安区金丰达五金厂,http:////www.11467.com/shenzhen/co/492830.htm
深圳市宝安区金丰达五金厂的商铺,http://shenzhen0492830.11467.com
深圳市尖锋手板模型设计室,http:////www.11467.com/shenzhen/co/488574.htm
深圳市尖锋手板模型设计室的商铺,http://shenzhen0488574.11467.com
昆明雄邦模具制造有限公司,http:////www.11467.com/wulumuqi/co/90824.htm
昆明雄邦模具制造有限公司的商铺,http://wulumuqi090824.11467.com
邳州市天资塑胶有限公司,http:////www.11467.com/xuzhou/co/25951.htm
邳州市天资塑胶有限公司的商铺,http://xuzhou025951.11467.com
深圳市恒安精密模具有限公司,http:////www.11467.com/shenzhen/co/495211.htm
深圳市恒安精密模具有限公司的商铺,http://shenzhen0495211.11467.com
深圳市恒富力精密五金塑胶制品厂,http:////www.11467.com/shenzhen/co/137674.htm
深圳市恒富力精密五金塑胶制品厂的商铺,http://shenzhen0137674.11467.com
深圳市龙琪鑫实业有限公司,http:////www.11467.com/shenzhen/co/367326.htm
深圳市龙琪鑫实业有限公司的商铺,http://shenzhen0367326.11467.com
深圳市长龙点金科技有限公司,http:////www.11467.com/shenzhen/co/426185.htm
深圳市长龙点金科技有限公司的商铺,http://shenzhen0426185.11467.com
余姚市汇佳塑模有限公司,http:////www.11467.com/ningbo/co/204903.htm
余姚市汇佳塑模有限公司的商铺,http://ningbo0204903.11467.com
青岛欧特美股份有限公司,http:////www.11467.com/qingdao/co/88693.htm
河南盛世中鼎铝业有限公司,http:////www.11467.com/anyang/co/35629.htm
大连艺才精密模具有限公司,http:////www.11467.com/dalian/co/44985.htm
东莞市艾瑞精密机械科技有限公司,http:////www.11467.com/dongguan/co/70633.htm
佛山市天赢橡塑电器有限公司,http:////www.11467.com/foshan/co/224984.htm
惠州建邦精密塑胶有限公司,http:////www.11467.com/huizhou/co/66174.htm
凤天胶业公司,http:////www.11467.com/jixi/co/20400.htm
明阳重工有限公司,http:////www.11467.com/jixi/co/20399.htm
霸州市康仙庄易洁塑料制品厂,http:////www.11467.com/langfang/co/36176.htm
洛阳疋姆泰可精密零件制造有限公司,http:////www.11467.com/luoyang/co/47617.htm
南充艺景精品模型制作中心,http:////www.11467.com/nanchong/co/24509.htm
鑫源运输公司,http:////www.11467.com/shihezi/co/5641.htm
苏州华冲精密机械有限公司,http:////www.11467.com/suzhou/co/232065.htm
天津通信广播集团有限公司,http:////www.11467.com/tianjin/co/198093.htm
无锡格瑞斯精密机械有限公司,http:////www.11467.com/wuxi/co/188229.htm
厦门虹鹭钨钼工业有限公司,http:////www.11467.com/xiamen/co/48443.htm
厦门恩童工贸有限公司,http:////www.11467.com/xiamen/co/46721.htm
北京安科慧生科技有限公司,http:////www.11467.com/beijing/co/763354.htm
龙口市黄城旭蒽模具加工厂,http:////www.11467.com/yantai/co/189628.htm
常州常友热处理有限公司,http:////www.11467.com/changzhou/co/165606.htm
天津柯麦特模具技术有限公司,http:////www.11467.com/tianjin/co/230529.htm
河北省沧州市锻压机械厂,http:////www.11467.com/cangzhou/co/40316.htm
吉林东光友成机工有限公司,http:////www.11467.com/changchun/co/73238.htm
长春城际轨道客车配件有限公司,http:////www.11467.com/changchun/co/73266.htm
常州市赛特科技有限公司,http:////www.11467.com/changzhou/co/91957.htm
常州伟业车辆配件有限公司,http:////www.11467.com/changzhou/co/101376.htm
东莞市昊科热流道系统有限公司,http:////www.11467.com/dongguan/co/282392.htm
东莞康佳模具塑胶有限公司,http:////www.11467.com/dongguan/co/230707.htm
东莞市捷准激光刀模有限公司,http:////www.11467.com/dongguan/co/233948.htm
东莞市铠茂五金电子有限公司,http:////www.11467.com/dongguan/co/253529.htm
东莞市众禾机械有限公司,http:////www.11467.com/dongguan/co/230812.htm
东莞塘厦晟宏五金模具经营部,http:////www.11467.com/dongguan/co/230919.htm
东莞市樟木头力立塑胶制品厂,http:////www.11467.com/dongguan/co/230668.htm
豪迪众成塑胶实业有限公司,http:////www.11467.com/dongguan/co/231173.htm
宏麟模具有限公司,http:////www.11467.com/dongguan/co/490279.htm
东莞益发塑胶五金制品有限公司,http:////www.11467.com/dongguan/co/231740.htm
广州市熙龙体育用品有限公司,http:////www.11467.com/guangzhou/co/245487.htm
广州市番禺市桥东环康大五金制品厂,http:////www.11467.com/guangzhou/co/245489.htm
杭州育明塑料模具有限公司,http:////www.11467.com/hangzhou/co/369088.htm
惠阳区新圩镇汛佳电脑锣加工厂,http:////www.11467.com/huizhou/co/31348.htm
浙江澳托美克船业有限公司,http:////www.11467.com/jinhua/co/67184.htm
海安匙鸣机械制造有限公司,http:////www.11467.com/nantong/co/105581.htm
思博模具（宁波）有限公司,http:////www.11467.com/ningbo/co/93440.htm
青岛中集集装箱制造有限公司,http:////www.11467.com/qingdao/co/83988.htm
瑞曼德模具（深圳）有限公司,http:////www.11467.com/shenzhen/co/367370.htm
深圳市宝安区福永天利塑胶模具厂,http:////www.11467.com/shenzhen/co/366751.htm
深圳市宝安区观澜佳昌塑胶电子厂,http:////www.11467.com/shenzhen/co/367376.htm
深圳市宝安区观澜华利达激光刀模厂,http:////www.11467.com/shenzhen/co/492826.htm
深圳市格莱美电子有限公司,http:////www.11467.com/shenzhen/co/367499.htm
深圳市鸿富瀚科技有限公司,http:////www.11467.com/shenzhen/co/367364.htm
深圳市开路红科技有限公司,http:////www.11467.com/shenzhen/co/135757.htm
深圳市日之邦电子有限公司,http:////www.11467.com/shenzhen/co/366574.htm
深圳市万兴龙实业有限公司,http:////www.11467.com/shenzhen/co/368161.htm
深圳市耐思特玻璃钢有限公司,http:////www.11467.com/shenzhen/co/427962.htm
深圳市鑫景源科技有限公司,http:////www.11467.com/shenzhen/co/367332.htm
深圳市友力时代科技有限公司,http:////www.11467.com/shenzhen/co/764618.htm
石家庄海吉工贸有限公司,http:////www.11467.com/shijiazhuang/co/64731.htm
苏州工业园区东晟模具有限公司,http:////www.11467.com/suzhou/co/208319.htm
武汉三川精密模具有限公司,http:////www.11467.com/wuhan/co/75109.htm
武汉市致高远精密模具有限公司,http:////www.11467.com/wuhan/co/144336.htm
中山华宏精密模具机械有限公司,http:////www.11467.com/zhongshan/co/7458.htm
中山市三佳塑料制品有限公司,http:////www.11467.com/zhongshan/co/151766.htm
中山市南诚电器实业有限公司,http:////www.11467.com/zhongshan/co/41878.htm
河源市源城区联兴模具加工部,http:////www.11467.com/heyuan/co/35029.htm
开平市水口镇源华模具加工店,http:////www.11467.com/jiangmen/co/156961.htm
河南省永丰模具有限公司,http:////www.11467.com/xinxiang/co/50395.htm
东莞市中钢模具有限公司,http:////www.11467.com/dongguan/co/487943.htm
深圳市木森激光电子技术有限公司,http:////www.11467.com/shenzhen/co/367445.htm
上海康氏金属材料有限公司,http:////www.11467.com/shanghai/co/1036988.htm
南皮县金宝五金塑料制品厂,http:////www.11467.com/cangzhou/co/14677.htm
河北任丘市精诚硬质合金拉丝模具厂,http:////www.11467.com/cangzhou/co/60220.htm
黄明杰（个体经营）,http:////www.11467.com/dongguan/co/230793.htm
黄宝庆（个体经营）,http:////www.11467.com/dongguan/co/230730.htm
东莞市伊特康精密塑胶五金有限公司,http:////www.11467.com/dongguan/co/141334.htm
汇一隆塑胶模具制品有限公司,http:////www.11467.com/dongguan/co/230307.htm
东莞屯美模具有限公司,http:////www.11467.com/dongguan/co/491283.htm
深圳市精艺模具加工部,http:////www.11467.com/dongguan/co/231627.htm
东莞市正福电子科技有限公司,http:////www.11467.com/dongguan/co/230169.htm
东莞市正信实业有限公司,http:////www.11467.com/dongguan/co/189171.htm
鑫锋隆喷油模具制造厂,http:////www.11467.com/dongguan/co/141329.htm
信鼎模具加工廠,http:////www.11467.com/dongguan/co/230162.htm
台湾协鸿(加工中心)工业股份有限公司东莞分公司,http:////www.11467.com/dongguan/co/231591.htm
永利新精密工业有限公司,http:////www.11467.com/dongguan/co/230229.htm
盛峰激光刀模厂有限公司,http:////www.11467.com/dongguan/co/231223.htm
亞科迪精密模具（東莞）有限公司,http:////www.11467.com/dongguan/co/231764.htm
浩廷塑胶家具五金制品厂,http:////www.11467.com/dongguan/co/231619.htm
清溪运达模具配件加工厂,http:////www.11467.com/dongguan/co/230802.htm
香港柳工塑胶制品有限公司,http:////www.11467.com/dongguan/co/231246.htm
东莞耀丰塑胶五金有限公司,http:////www.11467.com/dongguan/co/497960.htm
天龙电子加工厂,http:////www.11467.com/dongguan/co/231763.htm
奕可五金皮具饰品有限公司 业务部,http:////www.11467.com/dongguan/co/230771.htm
东莞市虎门鼎力盛模具厂,http:////www.11467.com/dongguan/co/230757.htm
佛山市品正塑胶实业有限公司,http:////www.11467.com/foshan/co/224992.htm
佛山市伟灿钨钼金属有限公司,http:////www.11467.com/foshan/co/224990.htm
佛山市顺德区容桂春明五金加工店,http:////www.11467.com/foshan/co/224989.htm
佛山市南海伟拓源电子科技有限公司,http:////www.11467.com/foshan/co/225002.htm
佛山市钻塑塑料科技有限公司（业务部）,http:////www.11467.com/foshan/co/225311.htm
广州市番禺区石基宏丰五金塑料厂,http:////www.11467.com/guangzhou/co/245872.htm
广州市番禺区恒星五金制品厂,http:////www.11467.com/guangzhou/co/245500.htm
广州市白云区朗刻模具厂,http:////www.11467.com/guangzhou/co/274314.htm
广州富胜塑胶有限公司,http:////www.11467.com/guangzhou/co/245779.htm
广州宏丰五金塑料模具厂,http:////www.11467.com/guangzhou/co/245871.htm
广州市番禺区沙湾泰利塑料厂,http:////www.11467.com/guangzhou/co/245493.htm
广州市宝琳塑料制品有限公司,http:////www.11467.com/guangzhou/co/124954.htm
广州骐骥机电科技有限公司,http:////www.11467.com/guangzhou/co/107737.htm
海丰县联安信泰电子厂,http:////www.11467.com/guangzhou/co/245358.htm
深圳市精洪远塑胶股份有限公司,http:////www.11467.com/guangzhou/co/245526.htm
广州市番禺区正和模具厂,http:////www.11467.com/guangzhou/co/65857.htm
广州鑫鹏塑胶模具厂,http:////www.11467.com/guangzhou/co/245832.htm
荣祥水暖器材有限公司,http:////www.11467.com/guangzhou/co/245348.htm
广州市型腔模具制造有限公司,http:////www.11467.com/guangzhou/co/18405.htm
杭州凯斯特化工有限公司,http:////www.11467.com/hangzhou/co/212354.htm
杭州激光刀模有限公司,http:////www.11467.com/hangzhou/co/189572.htm
杭州恒丰五金塑料电器有限公司,http:////www.11467.com/hangzhou/co/39491.htm
杭州向南金属制品有限公司业务部,http:////www.11467.com/hangzhou/co/246244.htm
矢野电子（杭州）有限公司,http:////www.11467.com/hangzhou/co/197467.htm
杭州新锐机械制造有限公司,http:////www.11467.com/hangzhou/co/131659.htm
杭州宇轩五金模具有限公司,http:////www.11467.com/hangzhou/co/257027.htm
欧创塑料建材（浙江）有限公司,http:////www.11467.com/hangzhou/co/133692.htm
惠州市惠城区湘惠五金制品厂,http:////www.11467.com/huizhou/co/70078.htm
惠州市惠城区汉基精密模具部件厂,http:////www.11467.com/huizhou/co/66161.htm
惠州市惠阳区荣辉实业有限公司,http:////www.11467.com/huizhou/co/58577.htm
中富精密焊接加工厂,http:////www.11467.com/huizhou/co/66190.htm
海盐浩升五金模具厂,http:////www.11467.com/jiaxing/co/84004.htm
永和玩具有限公司,http:////www.11467.com/jinhua/co/73699.htm
文安县渤航塑料制品厂,http:////www.11467.com/langfang/co/47453.htm
兰州长风模具公司,http:////www.11467.com/lanzhou/co/66681.htm
缙云县成城工具制造有限公司,http:////www.11467.com/lishui/co/35387.htm
柳州广菱模具技术有限公司,http:////www.11467.com/liuzhou/co/40171.htm
安徽韦尔汽车科技有限公司,http:////www.11467.com/nanjing/co/72979.htm
南京金宇刀具制造有限公司,http:////www.11467.com/nanjing/co/114882.htm
南京利江模具材料有限公司,http:////www.11467.com/nanjing/co/72958.htm
马叶（个体经营）,http:////www.11467.com/nantong/co/105606.htm
南通市锌德塑料模具加工有限公司,http:////www.11467.com/nantong/co/105588.htm
奉化市浦发园林机械厂,http:////www.11467.com/ningbo/co/93137.htm
宁波通泽电子有限公司,http:////www.11467.com/ningbo/co/82070.htm
宁波市北仑区大矸自宏五金电器抛光厂,http:////www.11467.com/ningbo/co/56673.htm
慈溪市逍林华骏机械加工厂,http:////www.11467.com/ningbo/co/197993.htm
象山创亿金属制品有限公司,http:////www.11467.com/ningbo/co/93429.htm
余姚市帝力工艺制品厂,http:////www.11467.com/ningbo/co/194911.htm
象山力进塑胶模具厂,http:////www.11467.com/ningbo/co/195274.htm
青岛宇博机电有限公司,http:////www.11467.com/qingdao/co/88733.htm
吴宏图（个体经营）,http:////www.11467.com/quanzhou/co/100850.htm
日照市安和塑料模具加工有限公司,http:////www.11467.com/rizhao/co/12608.htm
绍兴飞腾机械有限公司,http:////www.11467.com/shaoxing/co/78328.htm
博源模具厂,http:////www.11467.com/shenzhen/co/367352.htm
镐睿模具实业,http:////www.11467.com/shenzhen/co/367616.htm
哈斯泰克热流道科技（深圳）有限公司业务部,http:////www.11467.com/shenzhen/co/368751.htm
桂运朔胶五金制品有限公司,http:////www.11467.com/shenzhen/co/368594.htm
骏成贸易有限公司,http:////www.11467.com/shenzhen/co/366542.htm
东莞富林电子制品（深圳）有限公司,http:////www.11467.com/shenzhen/co/366648.htm
弘丰塑胶制品（深圳）有限公司,http:////www.11467.com/shenzhen/co/53035.htm
皇利实业有限公司,http:////www.11467.com/shenzhen/co/366880.htm
精佳精密模具有限公司,http:////www.11467.com/shenzhen/co/367471.htm
深圳精洪远塑胶有限公司模具部,http:////www.11467.com/shenzhen/co/367682.htm
广天塑胶模具加工厂,http:////www.11467.com/shenzhen/co/366849.htm
深圳市宝安区福永富兴源电子厂,http:////www.11467.com/shenzhen/co/367396.htm
深圳市宝安区观澜鸿利发模具厂,http:////www.11467.com/shenzhen/co/40812.htm
深圳市宝安区公明森凯模具厂,http:////www.11467.com/shenzhen/co/495212.htm
冉点实业（香港）有限公司,http:////www.11467.com/shenzhen/co/368223.htm
深圳市成丰硕科技有限公司,http:////www.11467.com/shenzhen/co/495432.htm
深圳市創百興模具塑膠有限公司,http:////www.11467.com/shenzhen/co/367441.htm
深圳市丰源塑胶模具制品有限公司,http:////www.11467.com/shenzhen/co/95036.htm
深圳市宝安区大浪旭昌喷嘴喷雾配件经营部,http:////www.11467.com/shenzhen/co/776933.htm
深圳圣伟塑胶模具有限公司,http:////www.11467.com/shenzhen/co/491023.htm
深圳市恒力塑胶模具有限公司,http:////www.11467.com/shenzhen/co/40828.htm
深圳市恒运精密制品有限公司,http:////www.11467.com/shenzhen/co/367398.htm
深圳市金彩虹塑胶有限公司,http:////www.11467.com/shenzhen/co/253707.htm
深圳工业人快速成型技术有限公司营销一部,http:////www.11467.com/shenzhen/co/366536.htm
精佳精密模具（深圳）有限公司,http:////www.11467.com/shenzhen/co/367470.htm
深圳市宝安区沙井精工五金配件总汇,http:////www.11467.com/shenzhen/co/367487.htm
深圳市利兴精密刀模制品厂,http:////www.11467.com/shenzhen/co/368757.htm
深圳市骏升五金塑胶厂,http:////www.11467.com/shenzhen/co/368229.htm
深圳市龙岗区坑梓镇力丰模具五金行,http:////www.11467.com/shenzhen/co/367330.htm
深圳市精达晟科技有限公司,http:////www.11467.com/shenzhen/co/367503.htm
深圳市龙岗区平湖大成达塑胶制品厂,http:////www.11467.com/shenzhen/co/626068.htm
深圳市龙岗区平湖三辰模具制品厂,http:////www.11467.com/shenzhen/co/367321.htm
深圳市快达科手板制造技术有限公司,http:////www.11467.com/shenzhen/co/366752.htm
深圳市龙岗区恒盈达模具机械厂,http:////www.11467.com/shenzhen/co/430779.htm
深圳市乔丰机械制模有限公司,http:////www.11467.com/shenzhen/co/366502.htm
深圳市今日塑胶电子制品厂,http:////www.11467.com/shenzhen/co/367301.htm
深圳市琪昌激光刀模厂,http:////www.11467.com/shenzhen/co/367399.htm
深圳市同感塑胶五金电子厂,http:////www.11467.com/shenzhen/co/366553.htm
深圳市同宇模具有限公司,http:////www.11467.com/shenzhen/co/690170.htm
深圳市鑫鼎顺五金制品有限公司,http:////www.11467.com/shenzhen/co/367581.htm
深圳市鑫永辉精密科技有限公司,http:////www.11467.com/shenzhen/co/367327.htm
深圳市顺盛泰科技有限公司,http:////www.11467.com/shenzhen/co/367328.htm
深圳市天蓝鑫科技有限公司,http:////www.11467.com/shenzhen/co/367285.htm
深圳市万匠智合快速成型技术(手板)有限公司,http:////www.11467.com/shenzhen/co/367447.htm
深圳市浩海润科技有限公司,http:////www.11467.com/shenzhen/co/367522.htm
深圳市新乡弘科技有限公司,http:////www.11467.com/shenzhen/co/499628.htm
深圳市永甚誉精密五金有限公司,http:////www.11467.com/shenzhen/co/430748.htm
深圳市远恒塑胶模具有限公司,http:////www.11467.com/shenzhen/co/367344.htm
深圳市龙岗区盛龙五金模具维修店,http:////www.11467.com/shenzhen/co/367392.htm
深圳亿元通达塑胶模具有限公司,http:////www.11467.com/shenzhen/co/367678.htm
深圳意創兴电器有限公司,http:////www.11467.com/shenzhen/co/368661.htm
深圳市裕鼎精密工业科技股份有限公司,http:////www.11467.com/shenzhen/co/366717.htm
深圳志立达模具电子公司,http:////www.11467.com/shenzhen/co/368554.htm
深圳市亚美科技有限公司-压铸事业部-业务部,http:////www.11467.com/shenzhen/co/366511.htm
鑫灏源电子科技有限公司,http:////www.11467.com/shenzhen/co/366794.htm
深圳市源丰达塑胶模具厂,http:////www.11467.com/shenzhen/co/495229.htm
深圳市永安利塑胶五金有限公司,http:////www.11467.com/shenzhen/co/423608.htm
现代精密塑胶模具（深圳）有限公司（市场部）,http:////www.11467.com/shenzhen/co/366765.htm
维嘉硅橡胶模具厂,http:////www.11467.com/shenzhen/co/368320.htm
志达玩具公司,http:////www.11467.com/shenzhen/co/368728.htm
鑫时利发塑胶五金制品厂,http:////www.11467.com/shenzhen/co/368105.htm
深圳市先技精密制造厂,http:////www.11467.com/shenzhen/co/368722.htm
缘兴塑胶模具厂,http:////www.11467.com/shenzhen/co/367650.htm
现代精密塑胶模具（shenzhen）有限公司,http:////www.11467.com/shenzhen/co/366767.htm
深圳市拓普旺模具有限公司,http:////www.11467.com/shenzhen/co/367369.htm
深圳市星东塑胶模具制品有限公司,http:////www.11467.com/shenzhen/co/40374.htm
石家庄市禹功贸易有限公司,http:////www.11467.com/shijiazhuang/co/86500.htm
锦祥精密模具工业（苏州）有限公司,http:////www.11467.com/suzhou/co/226788.htm
苏州博豪精密机械有限公司,http:////www.11467.com/suzhou/co/226589.htm
苏州钢辉精密机械有限公司,http:////www.11467.com/suzhou/co/226609.htm
佳伟实业集团,http:////www.11467.com/suzhou/co/226498.htm
苏州德律泰精密机械有限公司,http:////www.11467.com/suzhou/co/226825.htm
昆山康强精密模具有限公司,http:////www.11467.com/suzhou/co/226517.htm
昆山奥美尔铝制品有限公司,http:////www.11467.com/suzhou/co/226607.htm
苏州工业园区德运电子材料有限公司,http:////www.11467.com/suzhou/co/226487.htm
苏州工业园区华一机电有限公司,http:////www.11467.com/suzhou/co/177151.htm
苏州市德美德塑胶有限公司,http:////www.11467.com/suzhou/co/269250.htm
苏州普瑞塑胶有限责任公司,http:////www.11467.com/suzhou/co/226823.htm
苏州青山精密模具有限公司,http:////www.11467.com/suzhou/co/226500.htm
龙翔模具加工厂(慢丝),http:////www.11467.com/suzhou/co/316387.htm
苏州市科钛真空镀钛厂,http:////www.11467.com/suzhou/co/317661.htm
苏州市博时模塑有限公司,http:////www.11467.com/suzhou/co/226514.htm
苏州市麦迅精密机械有限公司,http:////www.11467.com/suzhou/co/226821.htm
苏州市恒升机械有限公司,http:////www.11467.com/suzhou/co/181340.htm
苏州硕玛自动化设备有限公司,http:////www.11467.com/suzhou/co/324199.htm
苏州斯派克铝箔有限公司,http:////www.11467.com/suzhou/co/314976.htm
苏州友藤贸易有限公司,http:////www.11467.com/suzhou/co/226809.htm
苏州园方包装有限公司,http:////www.11467.com/suzhou/co/226611.htm
苏州新宇模具塑胶有限公司（市场部）,http:////www.11467.com/suzhou/co/226745.htm
苏州耀泰精密模具有限公司,http:////www.11467.com/suzhou/co/226795.htm
太仓市锦瑄机械设备有限公司,http:////www.11467.com/suzhou/co/317559.htm
台州市黄岩恒龙机车配件有限公司,http:////www.11467.com/taizhou/co/52232.htm
台州精超力模塑有限公司,http:////www.11467.com/taizhou/co/51171.htm
台州市黄岩好家庭清洁用品厂,http:////www.11467.com/taizhou/co/87922.htm
黄岩华立塑料模具厂,http:////www.11467.com/taizhou/co/8682.htm
温岭市鑫凯塑胶有限公司,http:////www.11467.com/taizhou/co/87938.htm
台州市黄岩双嘉模具厂,http:////www.11467.com/taizhou/co/87829.htm
台州市黄岩容川塑模有限公司,http:////www.11467.com/taizhou/co/46510.htm
浙江凯华模具有限公司,http:////www.11467.com/taizhou/co/87860.htm
浙江黄岩华东塑料模具有限公司,http:////www.11467.com/taizhou/co/8520.htm
徐道富(个体经营),http:////www.11467.com/taizhou/co/87940.htm
靖江市宏丰模具科技有限公司,http:////www.11467.com/taizhoushi/co/45688.htm
铜陵宏佳挤出技术有限公司,http:////www.11467.com/tongling/co/11806.htm
夏俊宴（个体经营）,http:////www.11467.com/weihai/co/30658.htm
精艺模具雕刻加工厂,http:////www.11467.com/wenzhou/co/140637.htm
温州宏泰模具有限公司,http:////www.11467.com/wenzhou/co/72719.htm
温州梧田观明模具加工店,http:////www.11467.com/wenzhou/co/140610.htm
芜湖百恒模具有限公司,http:////www.11467.com/wuhu/co/12462.htm
无锡俊屹精密机械有限公司,http:////www.11467.com/wuxi/co/188240.htm
厦门市宏天祥科技发展有限公司,http:////www.11467.com/xiamen/co/46634.htm
厦门开捷塑胶制品有限公司,http:////www.11467.com/xiamen/co/11336.htm
厦门金质兴塑胶有限公司,http:////www.11467.com/xiamen/co/13121.htm
厦门康达辉工贸有限公司,http:////www.11467.com/xiamen/co/46691.htm
江苏悦通机械有限公司,http:////www.11467.com/yancheng/co/79514.htm
张家口市宏兴机械有限责任公司,http:////www.11467.com/zhangjiakou/co/26676.htm
郑州武腾机械制造有限公司,http:////www.11467.com/zhengzhou/co/118442.htm
江苏润基建材有限公司,http:////www.11467.com/zhenjiang/co/62053.htm
珊珊贸易商行,http:////www.11467.com/zhongshan/co/46603.htm
中山市东升镇亿新模具蚀刻加工店,http:////www.11467.com/zhongshan/co/73395.htm
中山市小榄镇全和塑胶模具厂,http:////www.11467.com/zhongshan/co/73411.htm
中山格英精密工业有限公司,http:////www.11467.com/zhongshan/co/73332.htm
中山名成塑料精工有限公司,http:////www.11467.com/zhongshan/co/73464.htm
珠海百纯打印耗材有限公司,http:////www.11467.com/zhuhai/co/73602.htm
珠海明佳电子有限公司 销售部,http:////www.11467.com/zhuhai/co/73668.htm
北京佳恒盛泰模具有限公司,http:////www.11467.com/beijing/co/585619.htm
北京艺彩喷涂丝印有限公司,http:////www.11467.com/beijing/co/702942.htm
东莞市道滘来兴模具厂,http:////www.11467.com/dongguan/co/230342.htm
嘉兴市鑫博机械有限公司,http:////www.11467.com/jiaxing/co/92523.htm
天津市德胜通钢材有限公司,http:////www.11467.com/tianjin/co/118829.htm
郑州海泰商贸有限公司,http:////www.11467.com/zhengzhou/co/112180.htm
昆山鲁斯勒精密机械有限公司,http:////www.11467.com/suzhou/co/313856.htm
上海睿剑工贸冲孔网筛网有限公司,http:////www.11467.com/shanghai/co/1036832.htm
昆山斯瑞达精密机械有限公司,http:////www.11467.com/suzhou/co/313910.htm
苏州奥尔维机械有限公司,http:////www.11467.com/suzhou/co/356156.htm
常州市武进华振物资有限公司,http:////www.11467.com/changzhou/co/58847.htm
石家庄宝信模具制造有限公司,http:////www.11467.com/shijiazhuang/co/161138.htm
德州陵县鑫达模具厂,http:////www.11467.com/dezhou/co/59950.htm
东莞市捷凯双色塑胶模具注塑加工厂,http:////www.11467.com/dongguan/co/555650.htm
沈阳创盛精密模具有限公司,http:////www.11467.com/shenyang/co/100949.htm
洪斌精密机械有限公司,http:////www.11467.com/anqing/co/25026.htm
月顺玻璃机械厂,http:////www.11467.com/anqing/co/25024.htm
保定诚信塑料制品厂,http:////www.11467.com/baoding/co/57434.htm
保定市南市区金凯蓄电池设备厂,http:////www.11467.com/baoding/co/57418.htm
孙卫辉（个体经营）,http:////www.11467.com/baoding/co/57422.htm
宝鸡市恒乐工贸有限责任公司,http:////www.11467.com/baoji/co/22314.htm
延宏印刷有限公司,http:////www.11467.com/bengbu/co/26335.htm
山东合成雕塑有限公司,http:////www.11467.com/binzhou/co/20107.htm
河北丰瑞电力装备有限公司,http:////www.11467.com/cangzhou/co/31469.htm
泊头敬明冲压注塑制件厂,http:////www.11467.com/cangzhou/co/62295.htm
沧州市永泰模具厂,http:////www.11467.com/cangzhou/co/40315.htm
河间市芳华拉丝模具厂,http:////www.11467.com/cangzhou/co/57336.htm
东光县鑫鼎机械制造有限责任公司,http:////www.11467.com/cangzhou/co/30973.htm
利达模具厂,http:////www.11467.com/cangzhou/co/40318.htm
长春达尔康科技有限公司,http:////www.11467.com/changchun/co/44028.htm
长春市鸿伟电子机箱厂,http:////www.11467.com/changchun/co/73248.htm
长春市创亿模具有限公司,http:////www.11467.com/changchun/co/73265.htm
鸿伟电子机箱厂,http:////www.11467.com/changchun/co/73249.htm
长春市双杰模具有限公司,http:////www.11467.com/changchun/co/73264.htm
上海诚懋机械设备有限公司,http:////www.11467.com/shanghai/co/804592.htm
上海奔旭精密模具有限公司,http:////www.11467.com/shanghai/co/884451.htm
上海韩德工程塑料制品有限公司,http:////www.11467.com/shanghai/co/275976.htm
上海曼丽精密模具有限公司,http:////www.11467.com/shanghai/co/517952.htm
富域模具公司,http:////www.11467.com/shanghai/co/884480.htm
上海联丰雕刻有限公司,http:////www.11467.com/shanghai/co/668281.htm
上海科源精密塑胶模具有限公司营销部,http:////www.11467.com/shanghai/co/316807.htm
上海一首塑料模具有限公司,http:////www.11467.com/shanghai/co/804550.htm
上海思圣模具技术有限公司,http:////www.11467.com/shanghai/co/316816.htm
上海显达塑胶制品有限公司,http:////www.11467.com/shanghai/co/668247.htm
上海合升机械有限公司,http:////www.11467.com/shanghai/co/275214.htm
天津伸亚伟业科技有限公司,http:////www.11467.com/tianjin/co/117080.htm
天津天文龙金属制品有限公司,http:////www.11467.com/tianjin/co/20988.htm
苏州市吴中区胥口广博模具加工厂,http:////www.11467.com/suzhou/co/357597.htm
廉江市吉水众诚模具加工厂,http:////www.11467.com/zhanjiang/co/75213.htm
黄石市鼎晟模具有限公司,http:////www.11467.com/huangshi/co/23180.htm
厦门市同安区鑫弘厦模具加工店,http:////www.11467.com/xiamen/co/175862.htm
东莞市标凯金属材料科技有限公司,http:////www.11467.com/dongguan/co/639418.htm
湖南津市德沅模具厂,http:////www.11467.com/changde/co/31235.htm
长沙冠瑞机械制造有限公司,http:////www.11467.com/changsha/co/81930.htm
湖南化工技工学校,http:////www.11467.com/changsha/co/81926.htm
长沙威龙机械制造有限公司,http:////www.11467.com/changsha/co/72372.htm
湖南省茶叶果品总公司,http:////www.11467.com/changsha/co/35588.htm
三益粮食机械有限公司,http:////www.11467.com/changsha/co/81929.htm
长沙网宝科技开发有限公司,http:////www.11467.com/changsha/co/81928.htm
同创模具制造厂,http:////www.11467.com/changsha/co/81875.htm
常州吉立模具立体纹蚀刻厂,http:////www.11467.com/changzhou/co/101467.htm
常州莱克特冲件有限公司,http:////www.11467.com/changzhou/co/129313.htm
常州佳格家居有限公司,http:////www.11467.com/changzhou/co/150943.htm
常河汽车配件厂,http:////www.11467.com/changzhou/co/101481.htm
常州百纳公司,http:////www.11467.com/changzhou/co/101465.htm
常州利丰模具厂,http:////www.11467.com/changzhou/co/101456.htm
常州精佳工贸科技有限公司,http:////www.11467.com/changzhou/co/101480.htm
常州市瑞发科技有限公司,http:////www.11467.com/changzhou/co/61860.htm
常州海狮线缆模具厂,http:////www.11467.com/changzhou/co/101468.htm
常州市武进区湖塘鸣凰书明五金厂,http:////www.11467.com/changzhou/co/101458.htm
常州市华东客车配件有限公司,http:////www.11467.com/changzhou/co/79203.htm
常州市武进飞宇轴承有限公司,http:////www.11467.com/changzhou/co/37593.htm
常州市武进湖塘东方钢印厂,http:////www.11467.com/changzhou/co/58696.htm
常州市武进新源塑料制品厂,http:////www.11467.com/changzhou/co/29588.htm
江苏省常州市荣昌机械部件有限公司,http:////www.11467.com/changzhou/co/101445.htm
常州埃斯科特精密机械公司,http:////www.11467.com/changzhou/co/101332.htm
常州永光模具厂,http:////www.11467.com/changzhou/co/101471.htm
常州市友佳塑料制品厂,http:////www.11467.com/changzhou/co/101381.htm
常州市欣美克五金厂,http:////www.11467.com/changzhou/co/101477.htm
常州市亚达纺织器材有限公司,http:////www.11467.com/changzhou/co/17698.htm
常州新北区小河梁成模具加工厂,http:////www.11467.com/changzhou/co/50386.htm
江苏省常州市星宇模具机械厂,http:////www.11467.com/changzhou/co/101469.htm
常州新北区孟河永浩模具加工厂,http:////www.11467.com/changzhou/co/101383.htm
常州市武进牛塘东方生料带厂,http:////www.11467.com/changzhou/co/83821.htm
常州市维卡塑业有限公司,http:////www.11467.com/changzhou/co/101447.htm
江苏常州永精精密模具有限公司,http:////www.11467.com/changzhou/co/101346.htm
深圳市捷甬达实业有限公司（常州分公司）,http:////www.11467.com/changzhou/co/101390.htm
常州市武进区礼嘉融世力模具厂,http:////www.11467.com/changzhou/co/101372.htm
江苏省常州市武进区洛阳镇银惠模具配件加工厂,http:////www.11467.com/changzhou/co/101463.htm
常州斯耐杰科技有限公司,http:////www.11467.com/changzhou/co/101386.htm
高华喷漆模具厂,http:////www.11467.com/changzhou/co/101389.htm
江苏省常州市武进鸣凰严良模坯店,http:////www.11467.com/changzhou/co/101449.htm
常州市东泰模具厂,http:////www.11467.com/changzhou/co/101340.htm
常州市布拉德斯精密模具厂,http:////www.11467.com/changzhou/co/150478.htm
常州市兰旭模具有限公司,http:////www.11467.com/changzhou/co/101461.htm
武进新华橡塑模具厂,http:////www.11467.com/changzhou/co/91958.htm
常州新北区春江恒大模具塑料厂,http:////www.11467.com/changzhou/co/101448.htm
萍乡市卓率模具有限公司,http:////www.11467.com/changzhou/co/101345.htm
李波〔个体经营〕,http:////www.11467.com/changzhou/co/101478.htm
鸿雁激光刀模有限公司,http:////www.11467.com/changzhou/co/101446.htm
常州珍珍模具雕刻中心,http:////www.11467.com/changzhou/co/101337.htm
常州市鑫博大模具科技有限公司,http:////www.11467.com/changzhou/co/101379.htm
常州市武进庞氏模具有限公司,http:////www.11467.com/changzhou/co/28508.htm
洛阳东渠电机厂,http:////www.11467.com/changzhou/co/101382.htm
常州浦裕压铸厂,http:////www.11467.com/changzhou/co/149436.htm
钮玲（个体经营）,http:////www.11467.com/changzhou/co/101472.htm
特斯克精密注塑有限公司,http:////www.11467.com/changzhou/co/101342.htm
江苏常州武进湖塘顺锋模具厂,http:////www.11467.com/changzhou/co/101451.htm
北京东方长远工贸有限公司,http:////www.11467.com/chaoyang/co/26156.htm
潮州市猛狮模具制作厂,http:////www.11467.com/chaozhou/co/28348.htm
张绪（个体经营）,http:////www.11467.com/chaozhou/co/28351.htm
努肯实业有限公司,http:////www.11467.com/chaozhou/co/28349.htm
成都宝航精密模具有限公司,http:////www.11467.com/chengdu/co/80126.htm
北京光创物成材料科技有限公司西南地区分公司,http:////www.11467.com/chengdu/co/100189.htm
宾誉兴模具加工厂,http:////www.11467.com/chengdu/co/100118.htm
成都科美数控与激光发展有限公司,http:////www.11467.com/chengdu/co/100198.htm
成都精奥基模具制造有限公司,http:////www.11467.com/chengdu/co/100191.htm
成都华冠精密电子机械有限公司 采购部,http:////www.11467.com/chengdu/co/100150.htm
成都欧亚特金属模具有限公司,http:////www.11467.com/chengdu/co/100110.htm
成都德荣和模具厂,http:////www.11467.com/chengdu/co/100192.htm
成都新代塑胶模具有限公司,http:////www.11467.com/chengdu/co/100114.htm
成都鸿侠模具有限公司,http:////www.11467.com/chengdu/co/100194.htm
日兴五金加工厂,http:////www.11467.com/chengdu/co/100109.htm
黎中华（个体经营）,http:////www.11467.com/chengdu/co/100146.htm
四川维思达光学技术有限公司办公室,http:////www.11467.com/chengdu/co/100186.htm
忠兴有机玻璃制品加工厂,http:////www.11467.com/chengdu/co/100115.htm
春天十字绣有限公司,http:////www.11467.com/chengdu/co/100188.htm
成都三圣模具制品有限公司,http:////www.11467.com/chengdu/co/100111.htm
成都市天一实业公司,http:////www.11467.com/chengdu/co/100193.htm
恒昌铅业公司,http:////www.11467.com/chenzhou/co/19245.htm
内蒙古赤峰鑫运物资有限责任公司,http:////www.11467.com/chifeng/co/22682.htm
天长市华海电子科技有限公司,http:////www.11467.com/chuzhou/co/30724.htm
滁州市科诚模具制造有限公司 销售部,http:////www.11467.com/chuzhou/co/21121.htm
大连名实眼镜贸易有限公司,http:////www.11467.com/dalian/co/44981.htm
大连模具工作室,http:////www.11467.com/dalian/co/45040.htm
大连市金州区丰裕木型加工厂,http:////www.11467.com/dalian/co/45038.htm
大连市鸿源精密仪器塑料模具公司,http:////www.11467.com/dalian/co/45041.htm
大连艾韦儿网络科技发展有限公司,http:////www.11467.com/dalian/co/45035.htm
大连汇鸿精密模具有限公司,http:////www.11467.com/dalian/co/45036.htm
振兴机械加工（个体经营）,http:////www.11467.com/dalian/co/45039.htm
大连鼎鼐装饰工程有限公司业务部,http:////www.11467.com/dalian/co/45010.htm
大连精鑫华模具有限公司,http:////www.11467.com/dalian/co/74013.htm
大连精英精密模具有限公司,http:////www.11467.com/dalian/co/45000.htm
大连泰丰激光打标加工公司,http:////www.11467.com/dalian/co/44982.htm
兴成橡塑机械模具厂,http:////www.11467.com/dezhou/co/33270.htm
重鑫集团销售公司,http:////www.11467.com/dezhou/co/33269.htm
安登电线模具厂,http:////www.11467.com/dongguan/co/231629.htm
變動思科技有限公司,http:////www.11467.com/dongguan/co/230867.htm
长安信安电脑连接器加工厂,http:////www.11467.com/dongguan/co/231561.htm
长城橡塑模具制品厂,http:////www.11467.com/dongguan/co/231468.htm
创世达机械有限公司东莞分公司,http:////www.11467.com/dongguan/co/231293.htm
北京恒博山科技发展有限责任公司东莞办,http:////www.11467.com/dongguan/co/230301.htm
大洲塑胶五金制品有限公司(廖伟东),http:////www.11467.com/dongguan/co/230701.htm
长虹五金加工厂,http:////www.11467.com/dongguan/co/231691.htm
成鑫五金模具加工店,http:////www.11467.com/dongguan/co/231574.htm
春祺塑胶五金制品厂,http:////www.11467.com/dongguan/co/231354.htm
诚信五金塑料制品厂,http:////www.11467.com/dongguan/co/231566.htm
（东莞）国建五金模具加工店,http:////www.11467.com/dongguan/co/231433.htm
东莞创奇模具店,http:////www.11467.com/dongguan/co/231564.htm
诚裕五金制品厂,http:////www.11467.com/dongguan/co/231572.htm
宝瑞五金模具加工店,http:////www.11467.com/dongguan/co/231583.htm
邦仕模具制品厂,http:////www.11467.com/dongguan/co/231447.htm
东莞大朗精胜模密模具厂,http:////www.11467.com/dongguan/co/141349.htm
东莞长安乌沙侨泰兴塑胶制品厂,http:////www.11467.com/dongguan/co/92325.htm
东莞大朗精研精密模具五金配件厂业务部,http:////www.11467.com/dongguan/co/230728.htm
创亿模型模具公司,http:////www.11467.com/dongguan/co/231701.htm
丹阳光电科技有限公司,http:////www.11467.com/dongguan/co/230897.htm
东莞奥的模具制品厂,http:////www.11467.com/dongguan/co/231428.htm
长城橡胶制品厂,http:////www.11467.com/dongguan/co/231400.htm
陈合发精密压铸厂,http:////www.11467.com/dongguan/co/141335.htm
德升塑胶制品厂,http:////www.11467.com/dongguan/co/231466.htm
东莞瑞麒塑胶五金制品厂,http:////www.11467.com/dongguan/co/231406.htm
创威五金公司,http:////www.11467.com/dongguan/co/230384.htm
东莞安凯模具省模抛光硬铬电镀厂,http:////www.11467.com/dongguan/co/231697.htm
东莞杰安模具厂模具制造部,http:////www.11467.com/dongguan/co/230369.htm
长安金星模具抛光公司,http:////www.11467.com/dongguan/co/231676.htm
陈春宝（个体经营）,http:////www.11467.com/dongguan/co/141322.htm
成想精密模具有限公司,http:////www.11467.com/dongguan/co/230148.htm
诚昌专业省模抛光公司,http:////www.11467.com/dongguan/co/231453.htm
东莞恒捷电铸模具厂,http:////www.11467.com/dongguan/co/231683.htm
东莞安起精密模具配件有限公司业务部,http:////www.11467.com/dongguan/co/230255.htm
长安金星模具抛光加工店,http:////www.11467.com/dongguan/co/231670.htm
承坤模具钢材有限公司,http:////www.11467.com/dongguan/co/231195.htm
东莞润龙真空气体氮化有限公司,http:////www.11467.com/dongguan/co/230896.htm
东莞金石模具有限公司,http:////www.11467.com/dongguan/co/231791.htm
东莞长丰模具厂,http:////www.11467.com/dongguan/co/230171.htm
东莞明峰塑胶电子厂,http:////www.11467.com/dongguan/co/231361.htm
宝盛精密模具厂,http:////www.11467.com/dongguan/co/231582.htm
东莞长安华杨模具压铸制品厂,http:////www.11467.com/dongguan/co/231429.htm
德高五金模具加工厂,http:////www.11467.com/dongguan/co/231548.htm
东莞长安沙头信兴五金塑胶厂-营业部,http:////www.11467.com/dongguan/co/230173.htm
东莞长安精诚模具厂,http:////www.11467.com/dongguan/co/231430.htm
东莞长安瑞麒塑胶五金制品厂,http:////www.11467.com/dongguan/co/231362.htm
东程投资实业有限公司,http:////www.11467.com/dongguan/co/231688.htm
东莞润龙模具真空热处理有限公司,http:////www.11467.com/dongguan/co/231746.htm
东莞三丰制模有限公司,http:////www.11467.com/dongguan/co/56539.htm
东莞世腾辊轮模具厂,http:////www.11467.com/dongguan/co/231219.htm
东莞金金碧电子有限公司,http:////www.11467.com/dongguan/co/230685.htm
东莞石排阳明省模抛光试模公司,http:////www.11467.com/dongguan/co/231292.htm
东莞市大岭山意辉五金加工店,http:////www.11467.com/dongguan/co/230723.htm
东莞捷顺塑胶厂,http:////www.11467.com/dongguan/co/231245.htm
东莞建国贸易有限公司,http:////www.11467.com/dongguan/co/231493.htm
东莞培炫五金塑胶制品有限公司,http:////www.11467.com/dongguan/co/141330.htm
东莞凤岗力鸿CNC精密塑胶五金模具加工厂,http:////www.11467.com/dongguan/co/230362.htm
东莞航天精密模具有限公司市场部,http:////www.11467.com/dongguan/co/230816.htm
东莞市长安镇宝鸿压铸模具制品厂,http:////www.11467.com/dongguan/co/230905.htm
东莞恒信精密模具五金加工厂,http:////www.11467.com/dongguan/co/230811.htm
东莞鹏达机械五金配件有限公司,http:////www.11467.com/dongguan/co/231649.htm
长安隆兴精密模具配件厂,http:////www.11467.com/dongguan/co/231824.htm
东莞市常平旺峰塑胶模具厂,http:////www.11467.com/dongguan/co/230710.htm
东莞力洲能源有限公司 市场营销部,http:////www.11467.com/dongguan/co/230216.htm
东莞联胜塑胶制品厂,http:////www.11467.com/dongguan/co/231334.htm
东莞市长安勇进五金维修店,http:////www.11467.com/dongguan/co/230898.htm
东莞市宝锃模具厂,http:////www.11467.com/dongguan/co/231261.htm
东莞祈福塑胶模具有限公司,http:////www.11467.com/dongguan/co/231287.htm
东莞市比特精密模具配件公司,http:////www.11467.com/dongguan/co/231798.htm
东莞市常平国顺五金加工店,http:////www.11467.com/dongguan/co/231294.htm
东莞世伟塑胶五金制品有限公司,http:////www.11467.com/dongguan/co/230398.htm
东莞清溪旭辉模具五金维修行,http:////www.11467.com/dongguan/co/231263.htm
东莞恒业模具厂,http:////www.11467.com/dongguan/co/231462.htm
鼎鑫精密模具厂,http:////www.11467.com/dongguan/co/231623.htm
东莞市博邦电子科技有限公司,http:////www.11467.com/dongguan/co/230892.htm
奥通精密模具（深圳）有限公司,http:////www.11467.com/dongguan/co/230832.htm
东莞市川井精密模具有限公司,http:////www.11467.com/dongguan/co/230382.htm
东莞金善科技有限公司,http:////www.11467.com/dongguan/co/230212.htm
东莞市长安国晶模具五金制品厂,http:////www.11467.com/dongguan/co/66027.htm
东莞市东坑龙川模具加工店,http:////www.11467.com/dongguan/co/230720.htm
东莞市长安华纬（力天）印刷机械,http:////www.11467.com/dongguan/co/231666.htm
东莞长安上沙新东华五金塑胶配件厂,http:////www.11467.com/dongguan/co/92199.htm
东莞长安伟利模具厂,http:////www.11467.com/dongguan/co/231330.htm
创想科技塑胶实业公司,http:////www.11467.com/dongguan/co/230329.htm
东莞市长安弘升电子有限公司,http:////www.11467.com/dongguan/co/231692.htm
创荣激光科技有限公司,http:////www.11467.com/dongguan/co/230927.htm
东莞康佳模塑具塑胶有限公司,http:////www.11467.com/dongguan/co/231484.htm
东莞市长安凯富五金加工厂,http:////www.11467.com/dongguan/co/141362.htm
东莞市凤岗铭鑫模具加工厂,http:////www.11467.com/dongguan/co/230693.htm
东莞长安玖峰塑胶模具有限公司,http:////www.11467.com/dongguan/co/141339.htm
东莞长安志邦塑胶五金制品厂,http:////www.11467.com/dongguan/co/231719.htm
东莞市道滘军晖模具五金加工厂,http:////www.11467.com/dongguan/co/230796.htm
东莞市长安爱纳德模具制造厂,http:////www.11467.com/dongguan/co/230825.htm
东莞 市莞真真空设备有限公司,http:////www.11467.com/dongguan/co/230821.htm
东莞常平神威电子厂,http:////www.11467.com/dongguan/co/230135.htm
东莞力特精密模具厂,http:////www.11467.com/dongguan/co/231531.htm
东莞市长安宏熙模具加工厂,http:////www.11467.com/dongguan/co/230196.htm
东升模具公司,http:////www.11467.com/dongguan/co/230180.htm
东莞市虎门联升模具加工店,http:////www.11467.com/dongguan/co/230767.htm
东莞市大朗万超五金加工店,http:////www.11467.com/dongguan/co/231828.htm
东莞润龙模具真空热处理公司,http:////www.11467.com/dongguan/co/230228.htm
安通科技商贸有限公司,http:////www.11467.com/dongguan/co/230293.htm
城锋模具厂,http:////www.11467.com/dongguan/co/141328.htm
东莞始基模具制品有限公司,http:////www.11467.com/dongguan/co/230208.htm
东莞凯文水性助剂有限公司,http:////www.11467.com/dongguan/co/230784.htm
东莞市长安美联塑胶模具厂业务部,http:////www.11467.com/dongguan/co/231730.htm
东莞市长安富竹五金模具加工店,http:////www.11467.com/dongguan/co/230766.htm
东莞劲胜精密组件股份有限公司项目部,http:////www.11467.com/dongguan/co/230128.htm
奥盛塑胶五金制品有限公司,http:////www.11467.com/dongguan/co/231608.htm
东莞宏泰印刷厂,http:////www.11467.com/dongguan/co/231537.htm
东莞凤岗科铭塑胶五金加工厂,http:////www.11467.com/dongguan/co/230310.htm
东莞市大岭山东庚模具厂,http:////www.11467.com/dongguan/co/230761.htm
东莞凤岗燊安塑胶模具有限公司,http:////www.11467.com/dongguan/co/231224.htm
东莞市长安戴尔电子厂,http:////www.11467.com/dongguan/co/231588.htm
东莞桥头泽友塑胶加工厂,http:////www.11467.com/dongguan/co/141347.htm
东莞清溪锦程电脑治具加工厂,http:////www.11467.com/dongguan/co/230727.htm
东莞市长安天润模具塑胶厂,http:////www.11467.com/dongguan/co/231234.htm
东莞市茶山诚信工模厂,http:////www.11467.com/dongguan/co/113030.htm
东莞市东城镒荙塑胶模具厂,http:////www.11467.com/dongguan/co/65064.htm
东莞东麟模具制品有限公司,http:////www.11467.com/dongguan/co/230267.htm
东莞东日五金塑胶制品厂,http:////www.11467.com/dongguan/co/230776.htm
东莞凤岗南岸村天桥侧励精电脑锣加工中心,http:////www.11467.com/dongguan/co/231378.htm
东莞市宝达模具有限公司,http:////www.11467.com/dongguan/co/141366.htm
鼎天手板模型模具加工厂,http:////www.11467.com/dongguan/co/231390.htm
东莞市长安精塑模具厂,http:////www.11467.com/dongguan/co/287580.htm
东莞市常平达辉塑胶厂,http:////www.11467.com/dongguan/co/48626.htm
东莞市长安美轩五金模具加工店（销售部）,http:////www.11467.com/dongguan/co/231587.htm
东莞市林远实业有限公司（财务部）,http:////www.11467.com/dongguan/co/230456.htm
东莞市长安勇成塑胶模具加工店,http:////www.11467.com/dongguan/co/230758.htm
东莞市横沥鸿泽电子机械设备厂,http:////www.11467.com/dongguan/co/231196.htm
东莞市虎门瑞兴五金模具厂,http:////www.11467.com/dongguan/co/230426.htm
东莞嘉艺模具厂,http:////www.11467.com/dongguan/co/231541.htm
东莞市凤岗鸿达五金电脑锣加工中心,http:////www.11467.com/dongguan/co/231662.htm
东莞常平精工模具蚀纹（咬花）有限公司,http:////www.11467.com/dongguan/co/230386.htm
诚辉精密五金制品厂,http:////www.11467.com/dongguan/co/230280.htm
东莞凤岗力其朔胶模具制品有限公司,http:////www.11467.com/dongguan/co/231742.htm
东莞市大岭山勇能五金模具加工店,http:////www.11467.com/dongguan/co/256112.htm
东莞晨昊模具厂,http:////www.11467.com/dongguan/co/231571.htm
东莞市大朗精峰源精密五金模具厂,http:////www.11467.com/dongguan/co/457909.htm
东莞市煌腾机械有限公司 模具加工部,http:////www.11467.com/dongguan/co/231702.htm
东莞市长安祥硕模具加工厂,http:////www.11467.com/dongguan/co/230755.htm
东莞长安鸿禧模具加工厂,http:////www.11467.com/dongguan/co/230189.htm
东莞市东坑精进五金加工店,http:////www.11467.com/dongguan/co/231533.htm
东莞市东临花边有限公司,http:////www.11467.com/dongguan/co/231516.htm
东莞大图模具机械抛光电镀厂,http:////www.11467.com/dongguan/co/230375.htm
东莞市呈昕五金加工店,http:////www.11467.com/dongguan/co/231556.htm
安晟模具塑胶制品有限公司,http:////www.11467.com/dongguan/co/231291.htm
东莞铭丰模具加工厂,http:////www.11467.com/dongguan/co/230428.htm
东莞劲胜精密组件有限公司,http:////www.11467.com/dongguan/co/230220.htm
东莞德高线切割厂,http:////www.11467.com/dongguan/co/231618.htm
东莞恒兴模具机械厂,http:////www.11467.com/dongguan/co/231249.htm
东莞市博威精密模具有限公司,http:////www.11467.com/dongguan/co/231601.htm
东莞市东坑镇隆旭塑胶模具店,http:////www.11467.com/dongguan/co/231208.htm
鼎诚模具配件经营部,http:////www.11467.com/dongguan/co/231519.htm
东莞市茶山钰鑫电子厂,http:////www.11467.com/dongguan/co/231282.htm
东莞市长安成忠铝模经营部,http:////www.11467.com/dongguan/co/230175.htm
东莞市乾旺模具有限公司,http:////www.11467.com/dongguan/co/287367.htm
东莞市佳华塑胶模具有限公司,http:////www.11467.com/dongguan/co/497228.htm
东莞市佳普模具有限公司,http:////www.11467.com/dongguan/co/66714.htm
东莞市钦辉模具厂,http:////www.11467.com/dongguan/co/230292.htm
东莞市清溪恒科五金加工店,http:////www.11467.com/dongguan/co/256127.htm
东莞市百炼金属制品厂,http:////www.11467.com/dongguan/co/230372.htm
东莞市清溪嘉王塑胶模配件加工厂,http:////www.11467.com/dongguan/co/230840.htm
东莞市佳泰利模具加工店,http:////www.11467.com/dongguan/co/230296.htm
东莞市清溪信力模具五金制品厂,http:////www.11467.com/dongguan/co/231526.htm
东莞市大朗卓研模具配件加工店,http:////www.11467.com/dongguan/co/231657.htm
东莞市全奥模具蚀纹 厂,http:////www.11467.com/dongguan/co/230215.htm
东莞市清溪耀基塑胶模具加工厂,http:////www.11467.com/dongguan/co/231197.htm
东莞市清溪信鼎五金模具厂,http:////www.11467.com/dongguan/co/230769.htm
东莞市钜光五金制品有限公司,http:////www.11467.com/dongguan/co/410734.htm
东莞市康泰精密机械模具厂,http:////www.11467.com/dongguan/co/230933.htm
东莞市科恒手板模型设计公司,http:////www.11467.com/dongguan/co/499792.htm
东莞市清溪镇全利泰五金模具厂,http:////www.11467.com/dongguan/co/230797.htm
东莞市俊盈精密模具有限公司,http:////www.11467.com/dongguan/co/162902.htm
东莞市茂南铝合金制品厂,http:////www.11467.com/dongguan/co/251932.htm
东莞市盟桂通讯科技有限公司,http:////www.11467.com/dongguan/co/230807.htm
东莞市江鑫宏声塑交五金有限公司,http:////www.11467.com/dongguan/co/230858.htm
东莞市金海模具有限公司,http:////www.11467.com/dongguan/co/230778.htm
东莞市黄江联创模具厂,http:////www.11467.com/dongguan/co/231379.htm
东莞市石碣镇富康吸塑模具厂,http:////www.11467.com/dongguan/co/231682.htm
东莞市金铖达电子公司,http:////www.11467.com/dongguan/co/231394.htm
东莞市明增塑胶五金制品有限公司,http:////www.11467.com/dongguan/co/230227.htm
东莞市寮步富艺线切割加工店（制造部）,http:////www.11467.com/dongguan/co/231227.htm
东莞凤岗丰泰制模厂,http:////www.11467.com/dongguan/co/230121.htm
东莞市寮步鸿艺五金塑胶模具厂,http:////www.11467.com/dongguan/co/57196.htm
东莞浩力升精密模塑电子有限公司（业务部）,http:////www.11467.com/dongguan/co/230353.htm
东莞美洁塑胶制品厂,http:////www.11467.com/dongguan/co/231207.htm
东莞市塘厦康龙模具厂,http:////www.11467.com/dongguan/co/230871.htm
东莞市长安镇竞豪精密模具厂,http:////www.11467.com/dongguan/co/231278.htm
东莞市虎门飞歌五金配件经营部,http:////www.11467.com/dongguan/co/230247.htm
东莞市塘厦智海塑胶制品厂,http:////www.11467.com/dongguan/co/68473.htm
东莞市虎门广滔塑胶制品加工店,http:////www.11467.com/dongguan/co/230709.htm
东莞市宝财五金塑胶有限公司,http:////www.11467.com/dongguan/co/230772.htm
东莞市金龙CNC模具加工中心,http:////www.11467.com/dongguan/co/230959.htm
东莞市石碣铭杰模具配件有限公司,http:////www.11467.com/dongguan/co/230817.htm
东莞市金石模具有限公司,http:////www.11467.com/dongguan/co/230751.htm
东莞市石碣骏康五金制品厂,http:////www.11467.com/dongguan/co/230745.htm
东莞市横沥宜翔模具加工店,http:////www.11467.com/dongguan/co/230706.htm
东莞市横沥拓顺电子加工店,http:////www.11467.com/dongguan/co/230718.htm
东莞市石碣鸿聚模具加工部,http:////www.11467.com/dongguan/co/65315.htm
东莞长安至尊模具加工部,http:////www.11467.com/dongguan/co/231626.htm
东莞市寮步佳信电脑雕刻厂,http:////www.11467.com/dongguan/co/230695.htm
东莞市寮步群兴五金模具厂,http:////www.11467.com/dongguan/co/65243.htm
东莞市寮步伟奕模具制品厂,http:////www.11467.com/dongguan/co/230764.htm
东莞市塘厦红旭机械加工厂,http:////www.11467.com/dongguan/co/231253.htm
东莞市穗达精密模具厂,http:////www.11467.com/dongguan/co/231280.htm
东莞市欧耐模具钢材有限公司 销售部,http:////www.11467.com/dongguan/co/230790.htm
东莞市石排镇恒利塑胶模具厂,http:////www.11467.com/dongguan/co/230936.htm
东莞市新阳硅橡胶模具制品有限公司,http:////www.11467.com/dongguan/co/231322.htm
东莞市石排恒鑫模具加工店,http:////www.11467.com/dongguan/co/230682.htm
东莞市石排康诚模具加工店,http:////www.11467.com/dongguan/co/141340.htm
东莞市石排仁隆五金电子厂,http:////www.11467.com/dongguan/co/230747.htm
东莞市虎门精川五金模具销售部,http:////www.11467.com/dongguan/co/230788.htm
东莞市同胜精密模具厂,http:////www.11467.com/dongguan/co/231312.htm
东莞市润龙模具氮化有限公司,http:////www.11467.com/dongguan/co/231442.htm
东莞市润隆料管气体氮化厂,http:////www.11467.com/dongguan/co/231319.htm
东莞市石排新盛塑胶制品厂,http:////www.11467.com/dongguan/co/230722.htm
东莞市意隆模具用品有限公司,http:////www.11467.com/dongguan/co/139795.htm
东莞市同振五金机械有限公司,http:////www.11467.com/dongguan/co/230737.htm
东莞市塘厦康泰插头模具厂,http:////www.11467.com/dongguan/co/230961.htm
东莞市塘厦睿捷五金加工店,http:////www.11467.com/dongguan/co/230711.htm
东莞市塘厦源兴五金塑胶加工店,http:////www.11467.com/dongguan/co/230738.htm
东莞市永顺厂,http:////www.11467.com/dongguan/co/231523.htm
东莞市塘厦永茂五金模具厂,http:////www.11467.com/dongguan/co/230762.htm
东莞市永锋精密模具有限公司,http:////www.11467.com/dongguan/co/231228.htm
东莞市永源五金塑胶制品有限公司,http:////www.11467.com/dongguan/co/251021.htm
东莞红兴机械厂,http:////www.11467.com/dongguan/co/231536.htm
东莞市鑫达精密模具有限公司,http:////www.11467.com/dongguan/co/231622.htm
东莞市韩江实业有限公司,http:////www.11467.com/dongguan/co/230340.htm
东莞市横沥主力塑胶五金厂,http:////www.11467.com/dongguan/co/230679.htm
东莞市鑫平精密模具有限公司,http:////www.11467.com/dongguan/co/230827.htm
东莞市万江达盛五金制品厂,http:////www.11467.com/dongguan/co/82577.htm
东莞市樟木头杨氏超音波焊接设备有限公司,http:////www.11467.com/dongguan/co/231671.htm
东莞市瑞风至模具有限公司,http:////www.11467.com/dongguan/co/230733.htm
东莞佛思尼实业有限公司,http:////www.11467.com/dongguan/co/231269.htm
东莞市厚街得艺塑胶模具加工店,http:////www.11467.com/dongguan/co/230726.htm
东莞市泰铭塑胶五金有限公司,http:////www.11467.com/dongguan/co/231243.htm
东莞市望牛墩岐阳模具厂,http:////www.11467.com/dongguan/co/230736.htm
东莞市兴超吸塑模具厂,http:////www.11467.com/dongguan/co/230290.htm
东莞市伟溢塑胶制品厂,http:////www.11467.com/dongguan/co/231621.htm
东莞市舒特斯包装材料有限公司销售部,http:////www.11467.com/dongguan/co/230872.htm
东莞市华钦塑胶模具有限公司,http:////www.11467.com/dongguan/co/230662.htm
东莞市华羽箱包配件厂(业务部),http:////www.11467.com/dongguan/co/230922.htm
东莞市黄江鸿艺塑胶模具厂,http:////www.11467.com/dongguan/co/56776.htm
东莞展塑模具科技有限公司,http:////www.11467.com/dongguan/co/230830.htm
东莞市桥头镇泰茂塑胶五金有限公司,http:////www.11467.com/dongguan/co/231413.htm
东莞市桥头志泓精密模具加工店,http:////www.11467.com/dongguan/co/230752.htm
东莞市翰林模具有限公司,http:////www.11467.com/dongguan/co/231377.htm
东莞市瀚振五金有限公司,http:////www.11467.com/dongguan/co/231802.htm
东莞市源创精密模具有限公司,http:////www.11467.com/dongguan/co/231388.htm
东莞市桥头高艺塑胶模具厂,http:////www.11467.com/dongguan/co/231518.htm
東莞市大朗品博精密模具加工店,http:////www.11467.com/dongguan/co/230153.htm
东莞市粤齐悦塑料制品有限公司,http:////www.11467.com/dongguan/co/230675.htm
東莞市東麟石墨製品有限公司,http:////www.11467.com/dongguan/co/230876.htm
東莞市瑞展精密模具有限公司,http:////www.11467.com/dongguan/co/230399.htm
佛山丰堡机械有限公司,http:////www.11467.com/dongguan/co/230880.htm
福兴模具加工厂,http:////www.11467.com/dongguan/co/231699.htm
富士高控股集團,http:////www.11467.com/dongguan/co/231617.htm
东莞市荣扬机械有限公司业务部,http:////www.11467.com/dongguan/co/231732.htm
峰飞模具加工厂,http:////www.11467.com/dongguan/co/231499.htm
东莞市银泽模具配件有限公司（资材部）,http:////www.11467.com/dongguan/co/230302.htm
福佳模具加工厂,http:////www.11467.com/dongguan/co/231506.htm
东莞市智军电子科技有限公司,http:////www.11467.com/dongguan/co/508050.htm
锋缘工艺制品厂,http:////www.11467.com/dongguan/co/169003.htm
广东东莞力铭精密模具厂,http:////www.11467.com/dongguan/co/231371.htm
广东东莞长安玲达模具厂,http:////www.11467.com/dongguan/co/230303.htm
广东东莞良锋试模厂,http:////www.11467.com/dongguan/co/230941.htm
东莞市鸿茂橡塑胶制品厂,http:////www.11467.com/dongguan/co/231832.htm
东莞市宏业精密模具厂,http:////www.11467.com/dongguan/co/231517.htm
东莞市长安森宏五金经营部,http:////www.11467.com/dongguan/co/230344.htm
东莞市长安锐天机械设备加工店,http:////www.11467.com/dongguan/co/410092.htm
东莞市长安锐源工模加工店,http:////www.11467.com/dongguan/co/230743.htm
广东润龙模具有限公司,http:////www.11467.com/dongguan/co/231711.htm
东莞业卓模具厂,http:////www.11467.com/dongguan/co/230835.htm
东莞志成弹簧厂,http:////www.11467.com/dongguan/co/230311.htm
东莞誉铭电业科技有限公-营业部,http:////www.11467.com/dongguan/co/230339.htm
东莞市横沥博艺模具加工店,http:////www.11467.com/dongguan/co/231540.htm
东莞永舜精密模具有限公司,http:////www.11467.com/dongguan/co/231217.htm
东莞永捷光电科技有限公司,http:////www.11467.com/dongguan/co/230837.htm
东莞市华峰刀模厂,http:////www.11467.com/dongguan/co/231303.htm
东莞市常平润龙模具真空热处理厂,http:////www.11467.com/dongguan/co/230848.htm
东莞市常平骏顺发模具加工厂,http:////www.11467.com/dongguan/co/230744.htm
东莞市华奥塑胶模具有限公司,http:////www.11467.com/dongguan/co/230418.htm
东莞市梓烨数控编程工作室,http:////www.11467.com/dongguan/co/230167.htm
东莞塘厦万新模具加工店,http:////www.11467.com/dongguan/co/141348.htm
东莞市中雾实业有限公司,http:////www.11467.com/dongguan/co/126436.htm
东莞伟成模具厂,http:////www.11467.com/dongguan/co/231491.htm
东莞天合实业有限公司,http:////www.11467.com/dongguan/co/231684.htm
鸿顺模具镜面抛光厂,http:////www.11467.com/dongguan/co/230350.htm
东莞市樟木头博志五金治具加工厂,http:////www.11467.com/dongguan/co/141324.htm
东莞市樟木头金泉塑胶模具厂,http:////www.11467.com/dongguan/co/230742.htm
东莞市樟木头美达吹塑加工厂,http:////www.11467.com/dongguan/co/230378.htm
辉启塑胶模具厂,http:////www.11467.com/dongguan/co/230321.htm
辉源机械模具五金有限公司,http:////www.11467.com/dongguan/co/231640.htm
东莞市威胜实业有限公司,http:////www.11467.com/dongguan/co/141357.htm
环球硅胶制品有限公司,http:////www.11467.com/dongguan/co/231203.htm
东莞市万江玉海钢管销售部,http:////www.11467.com/dongguan/co/230719.htm
东莞市伟峰模具厂,http:////www.11467.com/dongguan/co/231839.htm
佳颖精雕加工中心,http:////www.11467.com/dongguan/co/231401.htm
嘉华五金制品厂,http:////www.11467.com/dongguan/co/231535.htm
东莞市塗庄塑胶五金制品有限公司,http:////www.11467.com/dongguan/co/230965.htm
嘉隆模具塑胶五金厂,http:////www.11467.com/dongguan/co/231464.htm
嘉丰精密铸造分厂,http:////www.11467.com/dongguan/co/230785.htm
东莞市伟创模具制品有限公司,http:////www.11467.com/dongguan/co/231332.htm
嘉宏机械模具经营部,http:////www.11467.com/dongguan/co/231418.htm
嘉顺塑胶模具五金厂,http:////www.11467.com/dongguan/co/141336.htm
嘉惠塑胶制品加工店,http:////www.11467.com/dongguan/co/231369.htm
黄路生（个体经营）,http:////www.11467.com/dongguan/co/230777.htm
佳宝五金制品厂,http:////www.11467.com/dongguan/co/231578.htm
汇邦模具五金加工店,http:////www.11467.com/dongguan/co/231351.htm
辉鹏电压加工厂,http:////www.11467.com/dongguan/co/231501.htm
惠强塑胶工模厂,http:////www.11467.com/dongguan/co/231214.htm
辉旺精铸模具厂,http:////www.11467.com/dongguan/co/231474.htm
慧德数控刀具有限公司,http:////www.11467.com/dongguan/co/230888.htm
东莞市景辰五金有限公司,http:////www.11467.com/dongguan/co/476323.htm
力立塑胶制品厂工程部,http:////www.11467.com/dongguan/co/230818.htm
东莞市精塑塑胶制品公司,http:////www.11467.com/dongguan/co/230770.htm
东莞市协誉模具有限公司,http:////www.11467.com/dongguan/co/231216.htm
东莞市精创精密塑料机械有限公司,http:////www.11467.com/dongguan/co/231534.htm
力达五金塑胶模具厂,http:////www.11467.com/dongguan/co/231423.htm
东莞信懋塑胶实业有限公司,http:////www.11467.com/dongguan/co/223986.htm
东莞鑫隆塑胶五金厂,http:////www.11467.com/dongguan/co/231843.htm
东莞新华丰实业有限公司,http:////www.11467.com/dongguan/co/231496.htm
东莞市桥头光华五金制品厂,http:////www.11467.com/dongguan/co/231708.htm
隆彩塑胶模具制品厂,http:////www.11467.com/dongguan/co/231380.htm
高新工模制造厂,http:////www.11467.com/dongguan/co/231440.htm
龙佑五金机器有限公司,http:////www.11467.com/dongguan/co/231570.htm
富源宏贸易有限公司,http:////www.11467.com/dongguan/co/231271.htm
富明达五金制品厂,http:////www.11467.com/dongguan/co/230958.htm
港利丰精密模具厂,http:////www.11467.com/dongguan/co/231485.htm
华诚锻压模具厂,http:////www.11467.com/dongguan/co/231314.htm
东莞市清溪镇日丰塑胶模具厂,http:////www.11467.com/dongguan/co/231507.htm
虎门镇金和精密模具有限公司,http:////www.11467.com/dongguan/co/141341.htm
华盈彩色印刷制品厂,http:////www.11467.com/dongguan/co/231299.htm
民昊科技有限公司,http:////www.11467.com/dongguan/co/230195.htm
嘉美塑胶制品厂,http:////www.11467.com/dongguan/co/230782.htm
华敏模具加工厂,http:////www.11467.com/dongguan/co/231443.htm
建晖五金表面处理有限公司,http:////www.11467.com/dongguan/co/231422.htm
华联塑胶五金模具厂,http:////www.11467.com/dongguan/co/231492.htm
华盈彩色包装印刷厂,http:////www.11467.com/dongguan/co/231300.htm
杰达精密机械厂,http:////www.11467.com/dongguan/co/231421.htm
金城模具硬铬电镀厂,http:////www.11467.com/dongguan/co/231247.htm
捷利达（香港）真空热处理公司,http:////www.11467.com/dongguan/co/230809.htm
东莞市猛狮礼品制造有限公司模具部,http:////www.11467.com/dongguan/co/230154.htm
江苏扬力集团东莞办事处,http:////www.11467.com/dongguan/co/230322.htm
金丰(个体经营),http:////www.11467.com/dongguan/co/141327.htm
江旭个体经营,http:////www.11467.com/dongguan/co/231414.htm
江泰五金制品厂,http:////www.11467.com/dongguan/co/230282.htm
捷华模具厂,http:////www.11467.com/dongguan/co/230314.htm
鹏达机械模具厂,http:////www.11467.com/dongguan/co/231419.htm
金城刀模厂,http:////www.11467.com/dongguan/co/230838.htm
金鸿源精密模具实业有限公司,http:////www.11467.com/dongguan/co/230252.htm
东莞市捷顺塑胶电子有限公司,http:////www.11467.com/dongguan/co/231308.htm
三顺电子厂,http:////www.11467.com/dongguan/co/230347.htm
东莞市智能模具有限公司,http:////www.11467.com/dongguan/co/231302.htm
瑞镒模具制造厂,http:////www.11467.com/dongguan/co/231436.htm
荣发模具有限公司,http:////www.11467.com/dongguan/co/231573.htm
三工激光应用科技有限公司（东莞市场总部）,http:////www.11467.com/dongguan/co/230278.htm
三合盛模具加工厂,http:////www.11467.com/dongguan/co/231286.htm
睿鑫精密模具厂(工程部),http:////www.11467.com/dongguan/co/230352.htm
金旭日塑胶模具厂,http:////www.11467.com/dongguan/co/230813.htm
金振五金塑胶摸具厂,http:////www.11467.com/dongguan/co/231283.htm
金泰福塑胶制品厂,http:////www.11467.com/dongguan/co/230899.htm
精干塑胶压铸模具制品厂,http:////www.11467.com/dongguan/co/231327.htm
精凯硅橡胶模具制品厂,http:////www.11467.com/dongguan/co/231596.htm
深圳市川菱科技有限公司东莞分公司,http:////www.11467.com/dongguan/co/231211.htm
锦铭金属制品厂,http:////www.11467.com/dongguan/co/231504.htm
深远科技电子有限公司,http:////www.11467.com/dongguan/co/230361.htm
精成机械厂,http:////www.11467.com/dongguan/co/231637.htm
东莞市纳百科技模具有限公司,http:////www.11467.com/dongguan/co/231625.htm
伸利模具有限公司,http:////www.11467.com/dongguan/co/230150.htm
深茂模具有限公司,http:////www.11467.com/dongguan/co/231368.htm
精艺细孔加工中心,http:////www.11467.com/dongguan/co/231420.htm
劲汇塑胶模具厂,http:////www.11467.com/dongguan/co/231323.htm
景泽精密模具塑胶电子有限公司,http:////www.11467.com/dongguan/co/231409.htm
深圳市宝安区新安环绕机械厂,http:////www.11467.com/dongguan/co/230291.htm
华伟精密模具加工厂,http:////www.11467.com/dongguan/co/231720.htm
进丽塑胶制品厂,http:////www.11467.com/dongguan/co/231515.htm
精丰五金模具厂,http:////www.11467.com/dongguan/co/231634.htm
君诚模具厂,http:////www.11467.com/dongguan/co/230794.htm
精密模具加工厂,http:////www.11467.com/dongguan/co/231568.htm
华盈精密模具塑胶制品厂,http:////www.11467.com/dongguan/co/231304.htm
巨一五金塑胶厂,http:////www.11467.com/dongguan/co/231490.htm
君煜五金电子厂,http:////www.11467.com/dongguan/co/231660.htm
精研模具加工厂,http:////www.11467.com/dongguan/co/231463.htm
美德雅化妆美容用具有限公司,http:////www.11467.com/dongguan/co/230828.htm
锦亿机械厂,http:////www.11467.com/dongguan/co/141368.htm
精展隆模具配件有限公司,http:////www.11467.com/dongguan/co/231467.htm
景丰塑胶制品有限公司,http:////www.11467.com/dongguan/co/231852.htm
美益工模蚀刻厂,http:////www.11467.com/dongguan/co/231350.htm
深圳市瑞风至数码科技有限公司,http:////www.11467.com/dongguan/co/230669.htm
明辉喷油治具有限公司,http:////www.11467.com/dongguan/co/231279.htm
华盈包装印刷制品厂,http:////www.11467.com/dongguan/co/231298.htm
铭辉工模蚀刻厂,http:////www.11467.com/dongguan/co/141350.htm
浚通省模抛光电镀厂,http:////www.11467.com/dongguan/co/231288.htm
凯蒂集团有限公司业务部,http:////www.11467.com/dongguan/co/141364.htm
铭泰塑胶模具有限公司,http:////www.11467.com/dongguan/co/230942.htm
闽福模具钢材制品经营部,http:////www.11467.com/dongguan/co/231614.htm
骏业五金塑胶厂,http:////www.11467.com/dongguan/co/231397.htm
駿雄模椇（東莞）有限公司,http:////www.11467.com/dongguan/co/230232.htm
俊诚精密模具 （个体经营）,http:////www.11467.com/dongguan/co/231398.htm
铭翔精密模具厂,http:////www.11467.com/dongguan/co/141374.htm
铭兴塑胶五金模具厂,http:////www.11467.com/dongguan/co/231375.htm
骏川模具公司,http:////www.11467.com/dongguan/co/230911.htm
明盛五金模具厂,http:////www.11467.com/dongguan/co/231403.htm
合田硅胶制品有限公司,http:////www.11467.com/dongguan/co/231553.htm
植利模具塑胶制品厂,http:////www.11467.com/dongguan/co/231199.htm
志强精密模具塑胶有限公司,http:////www.11467.com/dongguan/co/230926.htm
智胜塑胶制品厂,http:////www.11467.com/dongguan/co/231528.htm
志峰塑胶（模具）电子厂,http:////www.11467.com/dongguan/co/230786.htm
合正塑胶模具有限公司市场部,http:////www.11467.com/dongguan/co/230132.htm
合兴模具五金制品厂,http:////www.11467.com/dongguan/co/231552.htm
合梓模具加工厂,http:////www.11467.com/dongguan/co/231602.htm
永 晟 精 密 模 具 厂,http:////www.11467.com/dongguan/co/231644.htm
东莞市桥头镇万丰沥激光（手工）刀模厂,http:////www.11467.com/dongguan/co/230204.htm
永利讯东莞五金制造有限公司,http:////www.11467.com/dongguan/co/231373.htm
启诚精密光学工具厂,http:////www.11467.com/dongguan/co/231218.htm
普天实业有限公司,http:////www.11467.com/dongguan/co/231734.htm
强宇模具制造厂,http:////www.11467.com/dongguan/co/230855.htm
永特五金塑胶制品厂,http:////www.11467.com/dongguan/co/230160.htm
强顺精密五金加工厂,http:////www.11467.com/dongguan/co/230279.htm
千立电子有限公司,http:////www.11467.com/dongguan/co/231385.htm
浦川模具加工厂,http:////www.11467.com/dongguan/co/230234.htm
喬福塑膠(東莞)有限公司,http:////www.11467.com/dongguan/co/194170.htm
金良专业省模抛光,http:////www.11467.com/dongguan/co/141351.htm
潘朵拉贸易实业有限公司,http:////www.11467.com/dongguan/co/230946.htm
朋友印刷有限公司,http:////www.11467.com/dongguan/co/230878.htm
奇扬塑胶模具有限公司,http:////www.11467.com/dongguan/co/230814.htm
仟亿贝动漫港湾深圳发展有限公司,http:////www.11467.com/dongguan/co/231735.htm
鹏蔚贸易公司,http:////www.11467.com/dongguan/co/231592.htm
启伦五金机械加工有限公司,http:////www.11467.com/dongguan/co/230306.htm
青华五金加工厂,http:////www.11467.com/dongguan/co/231529.htm
东莞鑫业模具厂,http:////www.11467.com/dongguan/co/231206.htm
全诚模具加工中心,http:////www.11467.com/dongguan/co/231438.htm
东莞信力模具制造公司,http:////www.11467.com/dongguan/co/231495.htm
任网游网络科技有限公司,http:////www.11467.com/dongguan/co/231396.htm
夕特机械（东莞）有限公司,http:////www.11467.com/dongguan/co/230305.htm
小金橘有限公司,http:////www.11467.com/dongguan/co/231329.htm
冉盛模具公司,http:////www.11467.com/dongguan/co/231444.htm
昕科（鑫能）科技有限公司,http:////www.11467.com/dongguan/co/231628.htm
东莞兴科电子科技有限公司,http:////www.11467.com/dongguan/co/46696.htm
香港永创新国际实业有限公司,http:////www.11467.com/dongguan/co/230370.htm
新鈿五金制品厂,http:////www.11467.com/dongguan/co/231760.htm
欣琪五金模具加工厂,http:////www.11467.com/dongguan/co/231815.htm
谢嘉伟（个体经营）,http:////www.11467.com/dongguan/co/230235.htm
新东洋五金机械加工有限公司,http:////www.11467.com/dongguan/co/231560.htm
宏利模具塑胶厂,http:////www.11467.com/dongguan/co/230181.htm
洪发省模抛光加工厂,http:////www.11467.com/dongguan/co/231696.htm
宏阳精密模具加工厂,http:////www.11467.com/dongguan/co/231212.htm
洪景模具有限公司,http:////www.11467.com/dongguan/co/231610.htm
翔悦五金制品厂,http:////www.11467.com/dongguan/co/231449.htm
心汇塑胶模具厂,http:////www.11467.com/dongguan/co/231198.htm
宏康（宏业）塑胶五金有限公司,http:////www.11467.com/dongguan/co/231554.htm
鸿恩健科技有限公司,http:////www.11467.com/dongguan/co/230781.htm
鸿發热处理厂,http:////www.11467.com/dongguan/co/231698.htm
鸿恒模具加工厂,http:////www.11467.com/dongguan/co/230915.htm
元富实业有限公司,http:////www.11467.com/dongguan/co/230176.htm
协展塑胶五金模具有限公司,http:////www.11467.com/dongguan/co/231524.htm
宏升抛光电镀厂,http:////www.11467.com/dongguan/co/230127.htm
鸿大精密模具厂,http:////www.11467.com/dongguan/co/231450.htm
洪通彩印公司,http:////www.11467.com/dongguan/co/231457.htm
宏发电镀加工厂,http:////www.11467.com/dongguan/co/141338.htm
友联(金海)精造喷油铜模厂,http:////www.11467.com/dongguan/co/230951.htm
圓亿精密模具厂,http:////www.11467.com/dongguan/co/231532.htm
红星三维电脑锣加工中心,http:////www.11467.com/dongguan/co/231432.htm
鸿晨精密模具有限公司,http:////www.11467.com/dongguan/co/231200.htm
悦运塑胶五金制品有限公司,http:////www.11467.com/dongguan/co/230773.htm
友晖模具（香港）有限公司,http:////www.11467.com/dongguan/co/230219.htm
誉威模具有限公司,http:////www.11467.com/dongguan/co/230887.htm
泽华模具厂,http:////www.11467.com/dongguan/co/230191.htm
万田五金塑胶厂,http:////www.11467.com/dongguan/co/231503.htm
悦彩塑胶玩具厂,http:////www.11467.com/dongguan/co/230820.htm
粤兴激光刀模厂,http:////www.11467.com/dongguan/co/231663.htm
远盈模具有限公司,http:////www.11467.com/dongguan/co/141363.htm
展飞精密模具厂,http:////www.11467.com/dongguan/co/230836.htm
泽华精密模具铸造厂,http:////www.11467.com/dongguan/co/141342.htm
万华山（个体经营）,http:////www.11467.com/dongguan/co/231669.htm
维盈有限公司,http:////www.11467.com/dongguan/co/231469.htm
渭滨模具有限公司,http:////www.11467.com/dongguan/co/230952.htm
伟恒模具加工厂,http:////www.11467.com/dongguan/co/231324.htm
伟涛模具抛光电镀厂,http:////www.11467.com/dongguan/co/188561.htm
东莞市勇升五金塑胶有限公司矽钢片销售部,http:////www.11467.com/dongguan/co/230885.htm
伟鑫五金模具有限公司,http:////www.11467.com/dongguan/co/231331.htm
东莞市虎门永超塑胶五金制品厂,http:////www.11467.com/dongguan/co/230439.htm
东莞市长安天凯模具厂,http:////www.11467.com/dongguan/co/141385.htm
东莞市虎门得森五金工模厂,http:////www.11467.com/dongguan/co/231260.htm
广东东莞市佳美大型电脑锣加工(1.6米)店,http:////www.11467.com/dongguan/co/230448.htm
东莞市厚街致强五金店,http:////www.11467.com/dongguan/co/230201.htm
东莞同鑫精密模具有限公司,http:////www.11467.com/dongguan/co/231389.htm
天琅模具工程公司,http:////www.11467.com/dongguan/co/231620.htm
天陽計算機有限公司,http:////www.11467.com/dongguan/co/230158.htm
广东东莞信懋塑胶实业有限公司,http:////www.11467.com/dongguan/co/231686.htm
东莞矽品电子公司,http:////www.11467.com/dongguan/co/231607.htm
东莞市宏达电子仪器有限公司,http:////www.11467.com/dongguan/co/231226.htm
中讯实业有限公司,http:////www.11467.com/dongguan/co/231441.htm
广东省东莞润龙气体氮化有限公司,http:////www.11467.com/dongguan/co/231233.htm
广东省东莞市厚街雅迪彩色印刷厂,http:////www.11467.com/dongguan/co/231381.htm
广东省东莞市虎门精鑫模具厂,http:////www.11467.com/dongguan/co/231232.htm
广东省东莞市万江区连新大道精标模具厂,http:////www.11467.com/dongguan/co/231555.htm
广东省东莞市锐嘉精密机械制造有限公司,http:////www.11467.com/dongguan/co/141378.htm
同发蚀刻蚀纹有限公司,http:////www.11467.com/dongguan/co/230168.htm
中之傑五金塑膠電子有限公司,http:////www.11467.com/dongguan/co/231461.htm
广东省东莞市锐嘉精密机械制造有限公司-业务部,http:////www.11467.com/dongguan/co/141376.htm
华可鑫塑胶五金有限公司,http:////www.11467.com/dongguan/co/230304.htm
卓成模具有限公司,http:////www.11467.com/dongguan/co/231549.htm
广东省东莞市东麟模具制品有限公司,http:////www.11467.com/dongguan/co/231804.htm
广东省东莞市桥头创利模具加工店,http:////www.11467.com/dongguan/co/231836.htm
广东省东莞市时代五金制品厂,http:////www.11467.com/dongguan/co/231364.htm
众翔五金塑胶电子厂,http:////www.11467.com/dongguan/co/230783.htm
洲雄精密模具制品厂,http:////www.11467.com/dongguan/co/231459.htm
周小军 （个体经营）,http:////www.11467.com/dongguan/co/231672.htm
众兴塑胶五金厂,http:////www.11467.com/dongguan/co/231326.htm
联兴机械模具五金制品厂,http:////www.11467.com/dongguan/co/231382.htm
联发电脑雕刻厂,http:////www.11467.com/dongguan/co/231565.htm
利基模具塑胶制品厂,http:////www.11467.com/dongguan/co/230775.htm
李兴锋(个体经营),http:////www.11467.com/dongguan/co/231838.htm
卓越模具机械硬铬电镀厂,http:////www.11467.com/dongguan/co/230126.htm
联亚益正股份有限公司,http:////www.11467.com/dongguan/co/230923.htm
东莞市企石创利精密模具厂,http:////www.11467.com/dongguan/co/230697.htm
利捷模具厂,http:////www.11467.com/dongguan/co/231693.htm
玲娜饰品加工厂,http:////www.11467.com/dongguan/co/230957.htm
寮步下领贝天惠模具厂,http:////www.11467.com/dongguan/co/231367.htm
联昌塑胶制品厂,http:////www.11467.com/dongguan/co/231510.htm
聯大國際發展有限公司,http:////www.11467.com/dongguan/co/230833.htm
力铭精密模具厂,http:////www.11467.com/dongguan/co/231374.htm
力锋超声波有限公司,http:////www.11467.com/dongguan/co/231689.htm
联昌盛塑胶有限公司,http:////www.11467.com/dongguan/co/230349.htm
东莞市恒生模具雕刻公司,http:////www.11467.com/dongguan/co/231455.htm
凌晖精密模具厂,http:////www.11467.com/dongguan/co/231343.htm
凌威塑胶五金模具制造加工厂,http:////www.11467.com/dongguan/co/231729.htm
康龙精密五金塑胶模具厂　深圳市博昂电子有限公司,http:////www.11467.com/dongguan/co/231325.htm
东莞市芪红塑胶五金制品厂,http:////www.11467.com/dongguan/co/230795.htm
高藝塑膠五金飾品廠,http:////www.11467.com/dongguan/co/230239.htm
鲁源五金模具加工店,http:////www.11467.com/dongguan/co/231475.htm
祈鹏精密塑胶模具厂,http:////www.11467.com/dongguan/co/231725.htm
锐丰精密模具厂,http:////www.11467.com/dongguan/co/230890.htm
森泰模具制造厂,http:////www.11467.com/dongguan/co/231576.htm
蓝泰精密模具塑胶制品有限公司,http:////www.11467.com/dongguan/co/231590.htm
威凯精密塑胶制品厂,http:////www.11467.com/dongguan/co/231407.htm
鑫隆精密模具加工厂,http:////www.11467.com/dongguan/co/231522.htm
艺科塑胶模具厂,http:////www.11467.com/dongguan/co/231275.htm
涌鑫五金机械模具维修店,http:////www.11467.com/dongguan/co/231489.htm
誉鑫塑胶模具有限公司,http:////www.11467.com/dongguan/co/230789.htm
东莞市凤岗捷特机械五金经营部,http:////www.11467.com/dongguan/co/230721.htm
东莞市凤岗精超模具加工店,http:////www.11467.com/dongguan/co/230754.htm
翔赢工艺饰品厂,http:////www.11467.com/dongguan/co/231707.htm
协邦塑胶制品有限公司,http:////www.11467.com/dongguan/co/230839.htm
足爽乐科技有限公司,http:////www.11467.com/dongguan/co/231439.htm
奥林机械模具厂,http:////www.11467.com/foshan/co/187780.htm
德昌模具厂,http:////www.11467.com/foshan/co/225313.htm
东亚电器公司,http:////www.11467.com/foshan/co/225269.htm
铂金牛模具有限公司,http:////www.11467.com/foshan/co/225053.htm
东奇木模加工厂,http:////www.11467.com/foshan/co/225280.htm
佛山朝兴模具厂,http:////www.11467.com/foshan/co/225022.htm
佛山市南海区黄岐红日五金灯饰配件厂,http:////www.11467.com/foshan/co/30745.htm
德记蚀纹喷沙厂,http:////www.11467.com/foshan/co/225303.htm
佛山市南海凯泰铝材有限公司,http:////www.11467.com/foshan/co/224893.htm
佛山市南海区里水忠诚五金塑料模具有限公司,http:////www.11467.com/foshan/co/224986.htm
创业五金鞋材摸具厂,http:////www.11467.com/foshan/co/225339.htm
佛山市南海华达高木模具有限公司,http:////www.11467.com/foshan/co/20017.htm
佛山市禅城区壹盈行五金制品厂,http:////www.11467.com/foshan/co/224903.htm
佛山市鸿鑫精密五金制品厂,http:////www.11467.com/foshan/co/225274.htm
佛山市南海大沥东灏模具有限公司,http:////www.11467.com/foshan/co/225325.htm
佛山市南海区大沥镇信源铝型材加工厂,http:////www.11467.com/foshan/co/224875.htm
佛山市南海顺兴模具塑料厂,http:////www.11467.com/foshan/co/187782.htm
佛山市南海区鑫文强不锈钢制管模具五金厂,http:////www.11467.com/foshan/co/225001.htm
佛山市南海区大沥晶悦金属制品厂,http:////www.11467.com/foshan/co/219536.htm
佛山市南海聚新塑料五金厂,http:////www.11467.com/foshan/co/224985.htm
佛山市禅城科维激光抄数手板制作有限公司,http:////www.11467.com/foshan/co/225308.htm
佛山市禅城区高翔五金模具厂,http:////www.11467.com/foshan/co/10119.htm
佛山市南海九江卓锐模具加工店,http:////www.11467.com/foshan/co/225330.htm
佛山市远辉五金精密模具厂,http:////www.11467.com/foshan/co/225259.htm
佛山市顺德区丰特家具有限公司,http:////www.11467.com/foshan/co/192437.htm
佛山市常恒电器有限公司经营部,http:////www.11467.com/foshan/co/224908.htm
鸿达塑胶模具厂,http:////www.11467.com/foshan/co/225275.htm
南海市禅鹏模具塑料有限公司,http:////www.11467.com/foshan/co/225345.htm
佛山市贝时特塑管有限公司,http:////www.11467.com/foshan/co/224998.htm
佛山市南海区丹灶桂链模具制品厂,http:////www.11467.com/foshan/co/338229.htm
佛山市顺德区慈峰模具钢材有限公司,http:////www.11467.com/foshan/co/225309.htm
佛山南海光研磨具厂<办公室>,http:////www.11467.com/foshan/co/224913.htm
佛山市南海盐步湘信模具电子厂,http:////www.11467.com/foshan/co/225021.htm
佛山天成塑料模具加工厂,http:////www.11467.com/foshan/co/224882.htm
佛山市南海区陈博流加工部,http:////www.11467.com/foshan/co/344905.htm
佛山市恒威模具有限公司,http:////www.11467.com/foshan/co/224996.htm
佛山市顺德区龙江镇源来家具配件厂,http:////www.11467.com/foshan/co/224988.htm
佛山市禅城区罗格新发五金模具厂,http:////www.11467.com/foshan/co/225302.htm
佛山市飞龙水钻模具机械厂,http:////www.11467.com/foshan/co/224887.htm
佛山市顺德区北滘镇顺威达模具塑料厂,http:////www.11467.com/foshan/co/65620.htm
湖州双林恒星抛光器材厂,http:////www.11467.com/foshan/co/246627.htm
佛山市南海区乐氏精密模具有限公司,http:////www.11467.com/foshan/co/224919.htm
佛山市南海区威铭铝制品加工厂,http:////www.11467.com/foshan/co/188188.htm
广东省佛山市粤威塑机有限公司,http:////www.11467.com/foshan/co/225267.htm
佛山市南海润澄五金厂,http:////www.11467.com/foshan/co/225018.htm
佛山市顺德区新理念模具有限公司,http:////www.11467.com/foshan/co/225319.htm
佛山市顺德区大良乐至五金模具经营部,http:////www.11467.com/foshan/co/232012.htm
佛山伟灿钨钼金属公司,http:////www.11467.com/foshan/co/225321.htm
佛山市金沙鑫鑫五金厂,http:////www.11467.com/foshan/co/224917.htm
佛山市南海雄晟模具加工厂,http:////www.11467.com/foshan/co/225337.htm
佛山炜泰包装实业有限公司,http:////www.11467.com/foshan/co/225299.htm
佛山市南海区锦臻机械有限公司,http:////www.11467.com/foshan/co/325229.htm
华丰模具厂,http:////www.11467.com/foshan/co/225252.htm
佛山市顺德区均安镇天连顺英塑料电器厂,http:////www.11467.com/foshan/co/230907.htm
佛山市禅城区蒲进五金加工厂,http:////www.11467.com/foshan/co/226036.htm
广东省佛山市机床设备维修公司,http:////www.11467.com/foshan/co/225249.htm
广东省佛山市南海区聚和五金压铸厂,http:////www.11467.com/foshan/co/225298.htm
广东南海意信塑料模具厂,http:////www.11467.com/foshan/co/224879.htm
广东省佛山市南海区丹灶镇精锦佳模具加工店,http:////www.11467.com/foshan/co/225262.htm
佛山市信高电器制品有限公司,http:////www.11467.com/foshan/co/225047.htm
广东省佛山市川州模具厂,http:////www.11467.com/foshan/co/225272.htm
迪蒙沙迪克镜面火花机 广东省佛山市汇霖经营部,http:////www.11467.com/foshan/co/225016.htm
广东省佛山运城压纹制版有限公司,http:////www.11467.com/foshan/co/225015.htm
广东省沈丘永达高频设备有限公司,http:////www.11467.com/foshan/co/224918.htm
同信亿五金模具厂,http:////www.11467.com/foshan/co/225270.htm
天玄锋线切割模具加工店,http:////www.11467.com/foshan/co/225281.htm
添尚好（个体经营）,http:////www.11467.com/foshan/co/225024.htm
广东韩亚铝业有限公司,http:////www.11467.com/foshan/co/224891.htm
国顺高科精密模具雕刻铣厂,http:////www.11467.com/foshan/co/224883.htm
裕源塑料模具厂,http:////www.11467.com/foshan/co/225310.htm
佛山毅俊模具铝型材厂,http:////www.11467.com/foshan/co/225328.htm
佛山运城压纹制版有限公司(业务部）,http:////www.11467.com/foshan/co/225019.htm
亿辉塑胶鞋模有限公司,http:////www.11467.com/foshan/co/224878.htm
益烨塑胶模具厂,http:////www.11467.com/foshan/co/225305.htm
兴达模具公司,http:////www.11467.com/foshan/co/224872.htm
杏坛龙潭塑料加工厂,http:////www.11467.com/foshan/co/225268.htm
筵泰模具加工店,http:////www.11467.com/foshan/co/225266.htm
佛山市中之杰蚀刻有限公司服务部,http:////www.11467.com/foshan/co/225023.htm
个体经营佛山市南海区罗村谢晓娜电脑雕刻加工店,http:////www.11467.com/foshan/co/225050.htm
永兴铝材厂销售部,http:////www.11467.com/foshan/co/224904.htm
志业塑料五金厂,http:////www.11467.com/foshan/co/225271.htm
佛山市南海区罗村正日塑料模具厂,http:////www.11467.com/foshan/co/224999.htm
展顺五金模具厂,http:////www.11467.com/foshan/co/225264.htm
郑锡龙个体经营,http:////www.11467.com/foshan/co/225301.htm
增利五金加工厂,http:////www.11467.com/foshan/co/225265.htm
惠麒模具厂,http:////www.11467.com/foshan/co/225029.htm
激精钣金模具有限公司,http:////www.11467.com/foshan/co/225273.htm
精细模具抛光厂,http:////www.11467.com/foshan/co/225315.htm
金库五金厂,http:////www.11467.com/foshan/co/225014.htm
精盛(索尔)工业开发厂,http:////www.11467.com/foshan/co/187779.htm
佛山市顺德区顺益昌电器有限公司,http:////www.11467.com/foshan/co/225300.htm
佛山市顺德区申海塑料五金有限公司,http:////www.11467.com/foshan/co/225052.htm
奇龙模具加工厂,http:////www.11467.com/foshan/co/224914.htm
普仕顿塑料模具厂,http:////www.11467.com/foshan/co/225025.htm
佛山市顺德区伟中塑料制品有限公司,http:////www.11467.com/foshan/co/224991.htm
佛山市顺德区碌永盈五金加工店,http:////www.11467.com/foshan/co/225248.htm
麦锰奋（个体经营）,http:////www.11467.com/foshan/co/225331.htm
名冠模具公司,http:////www.11467.com/foshan/co/187781.htm
南海立欧铝业制品厂,http:////www.11467.com/foshan/co/225028.htm
铭庆模具五金塑料模具厂,http:////www.11467.com/foshan/co/225041.htm
南海铭智通用五金厂（市场部）,http:////www.11467.com/foshan/co/224877.htm
利发发泡厂,http:////www.11467.com/foshan/co/224897.htm
三洋模具公司,http:////www.11467.com/foshan/co/225276.htm
伟迪五金塑料厂,http:////www.11467.com/foshan/co/225263.htm
威利坚实业有限公司(技术部）,http:////www.11467.com/foshan/co/224912.htm
盛业模具公司,http:////www.11467.com/foshan/co/225051.htm
顺德汇精实业有限公司,http:////www.11467.com/foshan/co/225277.htm
顺德达镕模具有限公司,http:////www.11467.com/foshan/co/225297.htm
金成名压铸模具厂,http:////www.11467.com/foshan/co/225261.htm
恒峰水钻模具厂,http:////www.11467.com/foshan/co/225250.htm
清发模具厂,http:////www.11467.com/foshan/co/225322.htm
顺德区联兴模具加工店,http:////www.11467.com/foshan/co/225323.htm
苏州市相城区请山精密模具加工有限公司,http:////www.11467.com/foshan/co/225279.htm
太阳模具公司,http:////www.11467.com/foshan/co/225304.htm
南海顺发五金模具厂,http:////www.11467.com/foshan/co/225244.htm
捷迅模具厂,http:////www.11467.com/foshan/co/224880.htm
福州爱梅机械模具加工店,http:////www.11467.com/fuzhou/co/133188.htm
福建万福企业集团有限公司销售部,http:////www.11467.com/fuzhou/co/142965.htm
福州贤达模具有限公司,http:////www.11467.com/fuzhou/co/130804.htm
福州博通电子科技有限公司业务部,http:////www.11467.com/fuzhou/co/142951.htm
福州灿永机械模具加工厂,http:////www.11467.com/fuzhou/co/142959.htm
华林模具加工厂,http:////www.11467.com/fuzhou/co/142933.htm
晓富电脑雕刻模具咬花厂,http:////www.11467.com/fuzhou/co/142919.htm
新海王塑胶模具有限公司,http:////www.11467.com/fuzhou/co/133187.htm
闽侯县青口安信五金模具加工店,http:////www.11467.com/fuzhou/co/142962.htm
福州源益塑胶制品有限公司,http:////www.11467.com/fuzhou/co/142961.htm
福州福润激光技术有限公司,http:////www.11467.com/fuzhou/co/70791.htm
福州豪门五金公司,http:////www.11467.com/fuzhou/co/142955.htm
义和模具机械有限公司,http:////www.11467.com/fuzhou/co/142956.htm
福州市晓富电脑雕刻有限公司,http:////www.11467.com/fuzhou/co/142953.htm
福州私营模具加工店,http:////www.11467.com/fuzhou/co/142954.htm
福州同力专业模具制造厂,http:////www.11467.com/fuzhou/co/142960.htm
军工精密模具制造有限公司,http:////www.11467.com/fuzhoushi/co/16132.htm
赣州江山公司,http:////www.11467.com/ganzhou/co/26922.htm
柏丰（香港）有限公司,http:////www.11467.com/guangzhou/co/245753.htm
诚信塑料模具抛光中心,http:////www.11467.com/guangzhou/co/245793.htm
广东广州骏丰塑料制品厂,http:////www.11467.com/guangzhou/co/245852.htm
创新代理业务,http:////www.11467.com/guangzhou/co/245796.htm
广州铂林硅胶科技有限公司,http:////www.11467.com/guangzhou/co/245836.htm
广州东毅五金制品有限公司,http:////www.11467.com/guangzhou/co/245840.htm
广州华鑫模具塑料制品厂,http:////www.11467.com/guangzhou/co/245542.htm
陈海娟（个体经营）,http:////www.11467.com/guangzhou/co/245857.htm
广恒精密模具厂,http:////www.11467.com/guangzhou/co/245856.htm
广东凯尔曼塑料制品有限公司,http:////www.11467.com/guangzhou/co/245525.htm
富詠科技有限公司,http:////www.11467.com/guangzhou/co/245536.htm
广州精艺模具蚀纹厂,http:////www.11467.com/guangzhou/co/245826.htm
宝泉模具厂,http:////www.11467.com/guangzhou/co/245751.htm
广州精艺模具蚀纹有限公司,http:////www.11467.com/guangzhou/co/245761.htm
晨阳石膏模具经营部,http:////www.11467.com/guangzhou/co/245859.htm
广州勤达五金塑料模具有限公司,http:////www.11467.com/guangzhou/co/122830.htm
广州开路者汽车电子有限公司,http:////www.11467.com/guangzhou/co/245504.htm
寶安區觀蘭永航五金塑膠制品廠,http:////www.11467.com/guangzhou/co/245754.htm
广州番禺燊荣模具有限公司,http:////www.11467.com/guangzhou/co/245815.htm
广州市番禺区大石新雅泰塑料商店,http:////www.11467.com/guangzhou/co/245515.htm
广州华翔激光加工厂,http:////www.11467.com/guangzhou/co/245748.htm
广州市番禺区石楼昌达五金塑料模具厂礼品部,http:////www.11467.com/guangzhou/co/245379.htm
广州奥斯达美容美体设备厂,http:////www.11467.com/guangzhou/co/245756.htm
广州方圆模具厂,http:////www.11467.com/guangzhou/co/245337.htm
广州市番禺区湘宏达模具加工店,http:////www.11467.com/guangzhou/co/245513.htm
广州市番禺区大石丰泰塑料五金加工厂,http:////www.11467.com/guangzhou/co/161879.htm
广州花都祥盈五金制品厂,http:////www.11467.com/guangzhou/co/245521.htm
广州利盈贸易有限公司,http:////www.11467.com/guangzhou/co/245351.htm
广州君艺实业有限公司,http:////www.11467.com/guangzhou/co/245824.htm
广州艾可森模具有限公司,http:////www.11467.com/guangzhou/co/196239.htm
广州市爱乐耳机厂*销售部,http:////www.11467.com/guangzhou/co/245364.htm
广州市白云区竹料振江塑料厂,http:////www.11467.com/guangzhou/co/245766.htm
广州白云区鑫荣胶垫粘贴制品厂,http:////www.11467.com/guangzhou/co/214790.htm
广州高锐数码科技有限公司,http:////www.11467.com/guangzhou/co/245830.htm
广州市恒基模具塑料有限公司,http:////www.11467.com/guangzhou/co/245833.htm
广州市爱乐耳机厂*商务部,http:////www.11467.com/guangzhou/co/245365.htm
广州市恒知实业有限公司,http:////www.11467.com/guangzhou/co/245797.htm
广州市刘氏铝箔制品有限公司,http:////www.11467.com/guangzhou/co/245524.htm
广州市黄埔祥沣机械加工厂,http:////www.11467.com/guangzhou/co/245763.htm
广州精益模具数控有限公司,http:////www.11467.com/guangzhou/co/245799.htm
广州森迪塑料模具制品有限公司,http:////www.11467.com/guangzhou/co/245562.htm
广州市卡莱斯皮革加工厂,http:////www.11467.com/guangzhou/co/245758.htm
诚胜工模塑胶厂,http:////www.11467.com/guangzhou/co/245343.htm
广州浅间塑料制品有限公司,http:////www.11467.com/guangzhou/co/245327.htm
广州市金玥电子科技有限公司,http:////www.11467.com/guangzhou/co/122827.htm
广州市花都区意隆五金加工厂,http:////www.11467.com/guangzhou/co/245375.htm
广州市花都区顺能五金锻造厂,http:////www.11467.com/guangzhou/co/245858.htm
广州市花都区新华众信机械厂,http:////www.11467.com/guangzhou/co/245794.htm
广州市华明工艺制品厂,http:////www.11467.com/guangzhou/co/245742.htm
广州市华明工艺制品厂业务部,http:////www.11467.com/guangzhou/co/245553.htm
广州市泓明塑料工艺品有限公司,http:////www.11467.com/guangzhou/co/276412.htm
广州市番禺区大石东捷五金机械加工厂,http:////www.11467.com/guangzhou/co/245786.htm
广州市番禺区沙湾镇利威塑料制品厂,http:////www.11467.com/guangzhou/co/245850.htm
广州市番禺区石基享洋模具线切割厂,http:////www.11467.com/guangzhou/co/245368.htm
广州市番禺区石基鑫威金属制品厂,http:////www.11467.com/guangzhou/co/283162.htm
广州市白云区华明塑料制品有限公司,http:////www.11467.com/guangzhou/co/245750.htm
广州市科达发展模具厂,http:////www.11467.com/guangzhou/co/245546.htm
广州市东俊精致五金制品有限公司,http:////www.11467.com/guangzhou/co/245335.htm
广州穗旺模具厂,http:////www.11467.com/guangzhou/co/245534.htm
广州市番禺区南村端正塑料模具厂业务部,http:////www.11467.com/guangzhou/co/245749.htm
广州市科域手板模型制作厂,http:////www.11467.com/guangzhou/co/245378.htm
广州市海珠区国信模具厂,http:////www.11467.com/guangzhou/co/98513.htm
广州博宇纸塑模具制品有限公司,http:////www.11467.com/guangzhou/co/245771.htm
广州市荔湾区兴东五金电子厂,http:////www.11467.com/guangzhou/co/261073.htm
广州市铭拓模具有限公司销售部,http:////www.11467.com/guangzhou/co/245869.htm
广州市白云区耀威塑料模具厂,http:////www.11467.com/guangzhou/co/47180.htm
广州市增城星健五金店,http:////www.11467.com/guangzhou/co/245518.htm
广州亿立升机械零件制造有限公司,http:////www.11467.com/guangzhou/co/245868.htm
广州市亿威电动车电器有限公司,http:////www.11467.com/guangzhou/co/245498.htm
广州市宏炬印刷有限公司,http:////www.11467.com/guangzhou/co/245820.htm
广州市亿胜塑料制品有限公司（国际外贸部）,http:////www.11467.com/guangzhou/co/245770.htm
广州市威煌塑料五金制品有限公司,http:////www.11467.com/guangzhou/co/245371.htm
广州市番禺区大石精方圆模具厂,http:////www.11467.com/guangzhou/co/245514.htm
广州陶氏塑胶模具厂,http:////www.11467.com/guangzhou/co/245746.htm
广州天成模具厂,http:////www.11467.com/guangzhou/co/245340.htm
广州市荔湾区天时电子配件商行,http:////www.11467.com/guangzhou/co/245503.htm
金豪达塑料有限公司,http:////www.11467.com/guangzhou/co/245787.htm
广州唯美精密塑胶模具厂,http:////www.11467.com/guangzhou/co/475903.htm
梁大得（个体经营）,http:////www.11467.com/guangzhou/co/245844.htm
联华模具厂,http:////www.11467.com/guangzhou/co/245329.htm
广州伟祺塑胶制品有限公司业务部,http:////www.11467.com/guangzhou/co/245745.htm
鸿泰光学制品厂,http:////www.11467.com/guangzhou/co/245508.htm
韩国全球网络贸易公司,http:////www.11467.com/guangzhou/co/245819.htm
广州雅邦机械科技公司,http:////www.11467.com/guangzhou/co/245838.htm
广州市海珠区科力数控刃具模具厂,http:////www.11467.com/guangzhou/co/19568.htm
广州市南方尼龙制品有限公司,http:////www.11467.com/guangzhou/co/278427.htm
金星鞋楦厂,http:////www.11467.com/guangzhou/co/245744.htm
广州市白云区双连五金模具厂,http:////www.11467.com/guangzhou/co/245517.htm
广州市番禺区大石利安五金塑胶制品厂,http:////www.11467.com/guangzhou/co/245324.htm
金胜金属制品厂,http:////www.11467.com/guangzhou/co/245848.htm
鸿发皮具加工厂,http:////www.11467.com/guangzhou/co/245822.htm
鸿泰光学抛光厂,http:////www.11467.com/guangzhou/co/245791.htm
广州宇泓贸易有限公司,http:////www.11467.com/guangzhou/co/122826.htm
李洁仪（个体经营）,http:////www.11467.com/guangzhou/co/122828.htm
友联塑胶精密模具有限公司,http:////www.11467.com/guangzhou/co/245773.htm
有生机械加工厂,http:////www.11467.com/guangzhou/co/245788.htm
毅新金属加工厂,http:////www.11467.com/guangzhou/co/245752.htm
琪睿模具贸易公司,http:////www.11467.com/guangzhou/co/245769.htm
勤必达激光刀模厂,http:////www.11467.com/guangzhou/co/245741.htm
普迈特激光刀模厂,http:////www.11467.com/guangzhou/co/245535.htm
宗艺印刷有限公司,http:////www.11467.com/guangzhou/co/245774.htm
永文塑料五金厂,http:////www.11467.com/guangzhou/co/245821.htm
广州市新晖汽车零部件有限公司,http:////www.11467.com/guangzhou/co/245531.htm
宇泰五金模具厂,http:////www.11467.com/guangzhou/co/245816.htm
广州世豪首饰模具冲压有限公司,http:////www.11467.com/guangzhou/co/245854.htm
亿佳(个体经营),http:////www.11467.com/guangzhou/co/245843.htm
展翔饰品加工厂,http:////www.11467.com/guangzhou/co/245527.htm
金属模(注蜡)加工厂,http:////www.11467.com/guangzhou/co/245867.htm
锦程塑胶模具厂,http:////www.11467.com/guangzhou/co/245785.htm
广州市番禺区正兴模具厂,http:////www.11467.com/guangzhou/co/245555.htm
汇森模具硅胶制品总厂,http:////www.11467.com/guangzhou/co/245520.htm
江门申强塑料机械有限公司销售部,http:////www.11467.com/guangzhou/co/245377.htm
济南夜龙保健品有限公司,http:////www.11467.com/guangzhou/co/245505.htm
健兴塑料五金模具有限公司,http:////www.11467.com/guangzhou/co/245759.htm
建骏塑胶五金厂,http:////www.11467.com/guangzhou/co/483937.htm
广州市天河区东堂熙望物资经营部广州销售部,http:////www.11467.com/guangzhou/co/245831.htm
欧莉莎饰品加工厂,http:////www.11467.com/guangzhou/co/245777.htm
广州市朗刻模具厂,http:////www.11467.com/guangzhou/co/245870.htm
广州市利航模具厂,http:////www.11467.com/guangzhou/co/245780.htm
广州盈滨模具有限公司,http:////www.11467.com/guangzhou/co/245506.htm
广州信立模具设备有限公司,http:////www.11467.com/guangzhou/co/245511.htm
广州市德嘉富五金厂,http:////www.11467.com/guangzhou/co/245760.htm
谢与吴模具塑胶厂,http:////www.11467.com/guangzhou/co/245334.htm
广州市伯利菲模具有限公司,http:////www.11467.com/guangzhou/co/276406.htm
广州市伯利菲模具有限公司的商铺,http://guangzhou0276406.11467.com
杭州艺佳模型科技有限公司,http:////www.11467.com/hangzhou/co/310561.htm
杭州艺佳模型科技有限公司的商铺,http://hangzhou0310561.11467.com
常州市晨希有色铸造有限公司,http:////www.11467.com/changzhou/co/10725.htm
常州市晨希有色铸造有限公司的商铺,http://changzhou010725.11467.com
佛山市远兴鸿焊管机械模具有限公司,http:////www.11467.com/foshan/co/240363.htm
佛山市远兴鸿焊管机械模具有限公司的商铺,http://foshan0240363.11467.com
东莞市樟木头亿信超声波营业部,http:////www.11467.com/dongguan/co/78796.htm
东莞市樟木头亿信超声波营业部的商铺,http://dongguan078796.11467.com
东莞市三秦精密模具科技有限公司,http:////www.11467.com/dongguan/co/499040.htm
东莞市三秦精密模具科技有限公司的商铺,http://dongguan0499040.11467.com
弘丰模具（深圳）有限公司,http:////www.11467.com/qiye/93078054.htm
弘丰模具（深圳）有限公司的商铺,http://93078054.b2b.11467.com
天津市鼎大模具有限公司,http:////www.11467.com/tianjin/co/188832.htm
天津市鼎大模具有限公司的商铺,http://tianjin0188832.11467.com
湘潭市双环机械设备开发有限公司,http:////www.11467.com/xiangtan/co/22987.htm
湘潭市双环机械设备开发有限公司的商铺,http://xiangtan022987.11467.com
泉州市嘉通电子科技有限公司,http:////www.11467.com/quanzhou/co/147094.htm
泉州市嘉通电子科技有限公司的商铺,http://quanzhou0147094.11467.com
武江区日辉机械厂,http:////www.11467.com/shaoguan/co/23696.htm
武江区日辉机械厂的商铺,http://shaoguan023696.11467.com
廊坊开发区精工瑞达机械制造有限公司,http:////www.11467.com/langfang/co/31070.htm
廊坊开发区精工瑞达机械制造有限公司的商铺,http://langfang031070.11467.com
河源市凯源硬质合金有限公司,http:////www.11467.com/heyuan/co/13813.htm
河源市凯源硬质合金有限公司的商铺,http://heyuan013813.11467.com
黄石市洪兴塑料模具有限公司,http:////www.11467.com/huangshi/co/17215.htm
黄石市洪兴塑料模具有限公司的商铺,http://huangshi017215.11467.com
南京华顺精密模具有限公司,http:////www.11467.com/nanjing/co/72860.htm
南京华顺精密模具有限公司的商铺,http://nanjing072860.11467.com
安徽省雅琪力天家居用品有限公司,http:////www.11467.com/suzhoushi/co/17376.htm
安徽省雅琪力天家居用品有限公司的商铺,http://suzhoushi017376.11467.com
天津市宝冠金属制品有限公司,http:////www.11467.com/tianjin/co/177820.htm
天津市宝冠金属制品有限公司的商铺,http://tianjin0177820.11467.com
珠海浩星自动化设备有限公司,http:////www.11467.com/zhuhai/co/74761.htm
珠海浩星自动化设备有限公司的商铺,http://zhuhai074761.11467.com
佛山市南海雄企模具五金制品有限公司,http:////www.11467.com/foshan/co/306822.htm
佛山市南海雄企模具五金制品有限公司的商铺,http://foshan0306822.11467.com
怀化市鹤城区汇丰电器厂,http:////www.11467.com/huaihua/co/19224.htm
怀化市鹤城区汇丰电器厂的商铺,http://huaihua019224.11467.com
滁州宏明机电有限公司,http:////www.11467.com/chuzhou/co/17024.htm
滁州宏明机电有限公司的商铺,http://chuzhou017024.11467.com
大连鑫萌精密机械有限公司,http:////www.11467.com/dalian/co/48606.htm
大连鑫萌精密机械有限公司的商铺,http://dalian048606.11467.com
青县大宇电子设备有限公司,http:////www.11467.com/cangzhou/co/30901.htm
青县大宇电子设备有限公司的商铺,http://cangzhou030901.11467.com
苏州宝时格数控设备制造有限公司,http:////www.11467.com/suzhou/co/268999.htm
苏州宝时格数控设备制造有限公司的商铺,http://suzhou0268999.11467.com
苏州市龙徽机械制造有限公司,http:////www.11467.com/suzhou/co/238315.htm
苏州市龙徽机械制造有限公司的商铺,http://suzhou0238315.11467.com
常州市武进区湖塘顺超花边机厂,http:////www.11467.com/changzhou/co/88145.htm
常州市武进区湖塘顺超花边机厂的商铺,http://changzhou088145.11467.com
抚顺荣鑫仿真食品模型制作技术培训中心,http:////www.11467.com/fushun/co/25480.htm
抚顺荣鑫仿真食品模型制作技术培训中心的商铺,http://fushun025480.11467.com
芜湖市江瑞机电有限公司,http:////www.11467.com/wuhu/co/35294.htm
芜湖市江瑞机电有限公司的商铺,http://wuhu035294.11467.com
咸阳彩华精密机械有限公司,http:////www.11467.com/xianyang/co/21834.htm
咸阳彩华精密机械有限公司的商铺,http://xianyang021834.11467.com
佛山市南海有田商用厨房设备有限公司,http:////www.11467.com/foshan/co/182851.htm
佛山市南海有田商用厨房设备有限公司的商铺,http://foshan0182851.11467.com
洛阳荣星模具有限公司,http:////www.11467.com/luoyang/co/59934.htm
洛阳荣星模具有限公司的商铺,http://luoyang059934.11467.com
湖北天桥风机有限公司,http:////www.11467.com/suizhou/co/11224.htm
湖北天桥风机有限公司的商铺,http://suizhou011224.11467.com
深圳市锦源兴金属压铸制品有限公司,http:////www.11467.com/shenzhen/co/490234.htm
深圳市锦源兴金属压铸制品有限公司的商铺,http://shenzhen0490234.11467.com
东莞市洪景模具有限公司,http:////www.11467.com/dongguan/co/421670.htm
东莞市洪景模具有限公司的商铺,http://dongguan0421670.11467.com
霸州市城区诚信模具厂,http:////www.11467.com/langfang/co/45873.htm
霸州市城区诚信模具厂的商铺,http://langfang045873.11467.com
惠州市惠城区德海五金机电厂,http:////www.11467.com/huizhou/co/98958.htm
惠州市惠城区德海五金机电厂的商铺,http://huizhou098958.11467.com
厦门冠煌工贸有限公司,http:////www.11467.com/xiamen/co/55187.htm
厦门冠煌工贸有限公司的商铺,http://xiamen055187.11467.com
无锡日升量仪有限公司,http:////www.11467.com/wuxi/co/183415.htm
无锡日升量仪有限公司的商铺,http://wuxi0183415.11467.com
厦门市普锐工贸有限公司,http:////www.11467.com/xiamen/co/19129.htm
厦门市普锐工贸有限公司的商铺,http://xiamen019129.11467.com
永清县汇源塑料机械厂,http:////www.11467.com/langfang/co/35985.htm
永清县汇源塑料机械厂的商铺,http://langfang035985.11467.com
阜新光大压铸机配件制造有限公司,http:////www.11467.com/fuxin/co/16066.htm
阜新光大压铸机配件制造有限公司的商铺,http://fuxin016066.11467.com
杭州东光科技有限公司,http:////www.11467.com/hangzhou/co/298096.htm
杭州东光科技有限公司的商铺,http://hangzhou0298096.11467.com
姜士伟,http:////www.11467.com/langfang/co/53569.htm
姜士伟的商铺,http://langfang053569.11467.com
深圳市杰瑞精工塑胶模具有限公司,http:////www.11467.com/shenzhen/co/728292.htm
深圳市杰瑞精工塑胶模具有限公司的商铺,http://shenzhen0728292.11467.com
东莞市凤岗天昊磨料经营部,http:////www.11467.com/dongguan/co/385261.htm
东莞市凤岗天昊磨料经营部的商铺,http://dongguan0385261.11467.com
深圳市大空间模型设计有限公司,http:////www.11467.com/shenzhen/co/729328.htm
青岛广锋数控机械有限公司,http:////www.11467.com/qiye/1630.htm
达亚模具厂,http:////www.11467.com/nantong/co/113676.htm
苏州富士鑫精密模具钢有限公司,http:////www.11467.com/suzhou/co/269865.htm
北京实佳科创科技有限公司,http:////www.11467.com/beijing/co/691578.htm
北京实佳科创科技有限公司的商铺,http://beijing0691578.11467.com
保定向阳吉拉蒂机械有限公司,http:////www.11467.com/baoding/co/54720.htm
保定向阳吉拉蒂机械有限公司的商铺,http://baoding054720.11467.com
保定市大志塑料制品有限公司,http:////www.11467.com/baoding/co/3038.htm
保定市大志塑料制品有限公司的商铺,http://baoding03038.11467.com
任丘市洁达模具有限公司,http:////www.11467.com/cangzhou/co/68034.htm
任丘市洁达模具有限公司的商铺,http://cangzhou068034.11467.com
唐山弘信模具有限公司,http:////www.11467.com/tangshan/co/63298.htm
唐山弘信模具有限公司的商铺,http://tangshan063298.11467.com
东莞市凤岗鑫磊热流道配件商行,http:////www.11467.com/dongguan/co/413191.htm
东莞市凤岗鑫磊热流道配件商行的商铺,http://dongguan0413191.11467.com
西安市长安区鑫朋机械加工厂,http:////www.11467.com/xian/co/121182.htm
西安市长安区鑫朋机械加工厂的商铺,http://xian0121182.11467.com
吴江市松陵镇铭品模具厂,http:////www.11467.com/suzhou/co/313043.htm
吴江市松陵镇铭品模具厂的商铺,http://suzhou0313043.11467.com
莱芜市春雨滴灌技术有限公司,http:////www.11467.com/laiwu/co/10734.htm
莱芜市春雨滴灌技术有限公司的商铺,http://laiwu010734.11467.com
浙江黄岩米克塑料模具厂,http:////www.11467.com/taizhou/co/109010.htm
浙江黄岩米克塑料模具厂的商铺,http://taizhou0109010.11467.com
宁波市鄞州森威模型制造有限公司,http:////www.11467.com/ningbo/co/143627.htm
宁波市鄞州森威模型制造有限公司的商铺,http://ningbo0143627.11467.com
东光县富邦五金制造厂,http:////www.11467.com/cangzhou/co/53702.htm
东光县富邦五金制造厂的商铺,http://cangzhou053702.11467.com
河北泽洋五金制品有限公司,http:////www.11467.com/cangzhou/co/57311.htm
河北泽洋五金制品有限公司的商铺,http://cangzhou057311.11467.com
南皮县增泰五金制造有限公司,http:////www.11467.com/cangzhou/co/68108.htm
南皮县增泰五金制造有限公司的商铺,http://cangzhou068108.11467.com
广西柳州协力手板模型科技有限公司,http:////www.11467.com/liuzhou/co/44675.htm
广西柳州协力手板模型科技有限公司的商铺,http://liuzhou044675.11467.com
湖州明友模具有限公司,http:////www.11467.com/deqing/co/4717.htm
湖州明友模具有限公司的商铺,http://deqing04717.11467.com
上海展欣运塑胶制品有限公司,http:////www.11467.com/shanghai/co/898731.htm
上海展欣运塑胶制品有限公司的商铺,http://shanghai0898731.11467.com
任丘市长城硬质合金有限公司,http:////www.11467.com/cangzhou/co/22383.htm
任丘市长城硬质合金有限公司的商铺,http://cangzhou022383.11467.com
泊头市诺亚机械制造有限公司,http:////www.11467.com/cangzhou/co/68055.htm
泊头市诺亚机械制造有限公司的商铺,http://cangzhou068055.11467.com
泊头市明成模具制造有限公司,http:////www.11467.com/cangzhou/co/47730.htm
泊头市明成模具制造有限公司的商铺,http://cangzhou047730.11467.com
长沙湘瑞重工有限公司,http:////www.11467.com/changsha/co/59304.htm
长沙湘瑞重工有限公司的商铺,http://changsha059304.11467.com
南皮县彤晟金属制品厂,http:////www.11467.com/cangzhou/co/50308.htm
南皮县彤晟金属制品厂的商铺,http://cangzhou050308.11467.com
佛山市顺德区精科诚金属科技有限公司,http:////www.11467.com/foshan/co/307339.htm
佛山市顺德区精科诚金属科技有限公司的商铺,http://foshan0307339.11467.com
安徽威源数控模具,http:////www.11467.com/maanshan/co/21625.htm
安徽威源数控模具的商铺,http://maanshan021625.11467.com
顺德和顺五金加工厂,http:////www.11467.com/foshan/co/307219.htm
顺德和顺五金加工厂的商铺,http://foshan0307219.11467.com
南昌市新和盛精密模具有限公司,http:////www.11467.com/nanchang/co/100650.htm
南昌市新和盛精密模具有限公司的商铺,http://nanchang0100650.11467.com
昆明市官渡区景辉建筑模型广告图案设计工作室,http:////www.11467.com/kunming/co/126924.htm
昆明市官渡区景辉建筑模型广告图案设计工作室的商铺,http://kunming0126924.11467.com
南京尚诺手板模型公司,http:////www.11467.com/nanjing/co/116011.htm
南京尚诺手板模型公司的商铺,http://nanjing0116011.11467.com
巴尼奥五金厂,http:////www.11467.com/foshan/co/306755.htm
上海欣技模具机械有限公司,http:////www.11467.com/shanghai/co/693421.htm
川琦精密模具有限公司,http:////www.11467.com/shenzhen/co/728670.htm
天发激光焊氩焊工模加工,http:////www.11467.com/shenzhen/co/727728.htm
上海嘉定区外冈镇沙邦华模具经营部,http:////www.11467.com/shanghai/co/330487.htm
深圳市光明新区公明新东阳沙迪克慢走丝加工厂,http:////www.11467.com/shenzhen/co/728001.htm
深圳精密朔胶模具加工制作有限公司,http:////www.11467.com/shenzhen/co/728058.htm
上海驰展广告有限公司,http:////www.11467.com/shanghai/co/91007.htm
西安锦业建筑模型创新工坊有限公司,http:////www.11467.com/xian/co/95763.htm
一击快速成型技术有限公司,http:////www.11467.com/shenzhen/co/728156.htm
上海勤豪模具成型加工有限公司,http:////www.11467.com/shanghai/co/898380.htm
东莞永清五金制品有限公司,http:////www.11467.com/dongguan/co/413755.htm
山西双峰模具厂,http:////www.11467.com/taiyuan/co/106787.htm
淄博飞龙木型厂,http:////www.11467.com/zibo/co/93146.htm
石家庄鸿鑫模具厂,http:////www.11467.com/shijiazhuang/co/108139.htm
吴江市松陵镇力通精密模具厂,http:////www.11467.com/qiye/21550.htm
深圳市传韵精密模具有限公司,http:////www.11467.com/shenzhen/co/721644.htm
中之名精密CNC加工,http:////www.11467.com/zhongshan/co/117532.htm
中山火炬开发区中之铭精密机械加工厂,http:////www.11467.com/zhongshan/co/117533.htm
上海兆隆金属制品有限公司,http:////www.11467.com/shanghai/co/897160.htm
潍坊正达实业有限公司,http:////www.11467.com/weifang/co/60936.htm
深圳杰瑞钨钢制品有限公司,http:////www.11467.com/shenzhen/co/493224.htm
东莞市横沥先辉模具雕刻店,http:////www.11467.com/dongguan/co/488761.htm
东莞市横沥先辉模具雕刻店的商铺,http://dongguan0488761.11467.com
杭州品胜有机玻璃镜片厂,http:////www.11467.com/hangzhou/co/222309.htm
杭州品胜有机玻璃镜片厂的商铺,http://hangzhou0222309.11467.com
佛山市南海区大沥业毅模具五金加工厂,http:////www.11467.com/foshan/co/223579.htm
佛山市南海区大沥业毅模具五金加工厂的商铺,http://foshan0223579.11467.com
哈尔滨市龙峰精工模具厂,http:////www.11467.com/haerbin/co/50081.htm
哈尔滨市龙峰精工模具厂的商铺,http://haerbin050081.11467.com
佛山市顺德区陈村镇顺镒机床经营部,http:////www.11467.com/foshan/co/306158.htm
佛山市顺德区陈村镇顺镒机床经营部的商铺,http://foshan0306158.11467.com
东莞市石排富沐天模具配件厂,http:////www.11467.com/dongguan/co/490458.htm
东莞市石排富沐天模具配件厂的商铺,http://dongguan0490458.11467.com
常州市豪天电子有限公司,http:////www.11467.com/changzhou/co/101375.htm
常州市豪天电子有限公司的商铺,http://changzhou0101375.11467.com
德阳市腾龙机械铸造有限公司,http:////www.11467.com/deyang/co/31547.htm
德阳市腾龙机械铸造有限公司的商铺,http://deyang031547.11467.com
鑫科机械制造(大连)有限公司,http:////www.11467.com/dalian/co/48337.htm
鑫科机械制造(大连)有限公司的商铺,http://dalian048337.11467.com
佛山市南海区创铭铝制品有限公司,http:////www.11467.com/foshan/co/355732.htm
佛山市南海区创铭铝制品有限公司的商铺,http://foshan0355732.11467.com
东莞市塘厦毅佳五金加工店,http:////www.11467.com/dongguan/co/253973.htm
东莞市塘厦毅佳五金加工店的商铺,http://dongguan0253973.11467.com
正越企業有限公司,http:////www.11467.com/changzhou/co/152681.htm
正越企業有限公司的商铺,http://changzhou0152681.11467.com
佛山市南海区震坤铝制品有限公司,http:////www.11467.com/foshan/co/306301.htm
佛山市南海区震坤铝制品有限公司的商铺,http://foshan0306301.11467.com
东莞市盛鸿硬质合金有限公司,http:////www.11467.com/dongguan/co/230674.htm
东莞市盛鸿硬质合金有限公司的商铺,http://dongguan0230674.11467.com
东莞市大岭山鑫康五金加工厂,http:////www.11467.com/dongguan/co/164661.htm
东莞市大岭山鑫康五金加工厂的商铺,http://dongguan0164661.11467.com
东莞市沙田宏越数控设备加工厂,http:////www.11467.com/dongguan/co/490265.htm
东莞市沙田宏越数控设备加工厂的商铺,http://dongguan0490265.11467.com
东莞市奥丰模具有限公司,http:////www.11467.com/dongguan/co/65828.htm
东莞市奥丰模具有限公司的商铺,http://dongguan065828.11467.com
佛山市南海区普金灯饰有限公司,http:////www.11467.com/foshan/co/219469.htm
佛山市南海区普金灯饰有限公司的商铺,http://foshan0219469.11467.com
富阳日鑫模具有限公司,http:////www.11467.com/hangzhou/co/369638.htm
富阳日鑫模具有限公司的商铺,http://hangzhou0369638.11467.com
东莞市大岭山胜华五金塑胶模具加工厂,http:////www.11467.com/dongguan/co/287366.htm
东莞市大岭山胜华五金塑胶模具加工厂的商铺,http://dongguan0287366.11467.com
东莞市寮步全发五金厂,http:////www.11467.com/dongguan/co/25746.htm
东莞市寮步全发五金厂的商铺,http://dongguan025746.11467.com
东莞市精鼎模具抛光有限公司,http:////www.11467.com/dongguan/co/477421.htm
东莞市精鼎模具抛光有限公司的商铺,http://dongguan0477421.11467.com
佛山市南海区大沥欢庆五金制品厂,http:////www.11467.com/foshan/co/321581.htm
佛山市南海区大沥欢庆五金制品厂的商铺,http://foshan0321581.11467.com
东莞市振和五金机械有限公司,http:////www.11467.com/dongguan/co/275342.htm
东莞市振和五金机械有限公司的商铺,http://dongguan0275342.11467.com
杭州亚纳精密模具有限公司,http:////www.11467.com/hangzhou/co/109625.htm
杭州亚纳精密模具有限公司的商铺,http://hangzhou0109625.11467.com
东莞市大岭山伟裕模具塑胶加工厂,http:////www.11467.com/dongguan/co/287456.htm
东莞市大岭山伟裕模具塑胶加工厂的商铺,http://dongguan0287456.11467.com
佛山市顺德区叶诚手板模型有限公司,http:////www.11467.com/foshan/co/249191.htm
佛山市顺德区叶诚手板模型有限公司的商铺,http://foshan0249191.11467.com
广州市荔湾区捷丰五金塑料模具厂,http:////www.11467.com/guangzhou/co/276642.htm
广州市荔湾区捷丰五金塑料模具厂的商铺,http://guangzhou0276642.11467.com
富阳市灵桥镇荣达通信机械厂,http:////www.11467.com/hangzhou/co/369267.htm
富阳市灵桥镇荣达通信机械厂的商铺,http://hangzhou0369267.11467.com
东莞市樟木头宏懋五金机械店,http:////www.11467.com/dongguan/co/137025.htm
东莞市樟木头宏懋五金机械店的商铺,http://dongguan0137025.11467.com
东莞市扬宇电子科技有限公司,http:////www.11467.com/dongguan/co/459745.htm
东莞市扬宇电子科技有限公司的商铺,http://dongguan0459745.11467.com
东莞市虎门爱特园塑胶五金制品厂,http:////www.11467.com/dongguan/co/482982.htm
东莞市虎门爱特园塑胶五金制品厂的商铺,http://dongguan0482982.11467.com
佛山市南海联益铝型材厂,http:////www.11467.com/foshan/co/338230.htm
佛山市南海联益铝型材厂的商铺,http://foshan0338230.11467.com
东莞市长安三马自动化设备厂,http:////www.11467.com/dongguan/co/277186.htm
东莞市长安三马自动化设备厂的商铺,http://dongguan0277186.11467.com
东莞市必扬五金压铸有限公司,http:////www.11467.com/dongguan/co/482418.htm
东莞市必扬五金压铸有限公司的商铺,http://dongguan0482418.11467.com
溧阳市六和复合材料技术有限公司,http:////www.11467.com/changzhou/co/143620.htm
溧阳市六和复合材料技术有限公司的商铺,http://changzhou0143620.11467.com
东莞市洛奇力实业有限公司,http:////www.11467.com/dongguan/co/481153.htm
东莞市洛奇力实业有限公司的商铺,http://dongguan0481153.11467.com
东莞市长威净化滤清器有限公司,http:////www.11467.com/dongguan/co/130928.htm
东莞市长威净化滤清器有限公司的商铺,http://dongguan0130928.11467.com
东莞市百纳通线缆有限公司,http:////www.11467.com/dongguan/co/359530.htm
东莞市百纳通线缆有限公司的商铺,http://dongguan0359530.11467.com
东莞市东真数控科技有限公司,http:////www.11467.com/dongguan/co/280188.htm
东莞市东真数控科技有限公司的商铺,http://dongguan0280188.11467.com
东莞市凤岗恒隆塑胶包装厂,http:////www.11467.com/dongguan/co/184179.htm
东莞市凤岗恒隆塑胶包装厂的商铺,http://dongguan0184179.11467.com
东莞市凌云五金制品有限公司,http:////www.11467.com/dongguan/co/264668.htm
东莞市凌云五金制品有限公司的商铺,http://dongguan0264668.11467.com
东莞市东坑创盛塑胶制品厂,http:////www.11467.com/dongguan/co/183594.htm
东莞市东坑创盛塑胶制品厂的商铺,http://dongguan0183594.11467.com
东莞市虎门信和塑胶制品厂,http:////www.11467.com/dongguan/co/119455.htm
东莞市虎门信和塑胶制品厂的商铺,http://dongguan0119455.11467.com
东莞市塘厦炜丽塑胶加工厂,http:////www.11467.com/dongguan/co/230705.htm
东莞市塘厦炜丽塑胶加工厂的商铺,http://dongguan0230705.11467.com
东莞市沙田三协精密制辊厂,http:////www.11467.com/dongguan/co/118851.htm
东莞市沙田三协精密制辊厂的商铺,http://dongguan0118851.11467.com
杭州精荣电机有限公司,http:////www.11467.com/hangzhou/co/369103.htm
杭州精荣电机有限公司的商铺,http://hangzhou0369103.11467.com
杭州杭宇机械制造有限公司,http:////www.11467.com/hangzhou/co/116757.htm
杭州杭宇机械制造有限公司的商铺,http://hangzhou0116757.11467.com
临漳县德源碳素有限责任公司,http:////www.11467.com/handan/co/75613.htm
临漳县德源碳素有限责任公司的商铺,http://handan075613.11467.com
王鹏,http:////www.11467.com/guangzhou/co/197463.htm
王鹏的商铺,http://guangzhou0197463.11467.com
深圳市海胜自动化设备有限公司,http:////www.11467.com/shenzhen/co/809867.htm
深圳市海胜自动化设备有限公司的商铺,http://shenzhen0809867.11467.com
萍乡市创鑫填料有限公司,http:////www.11467.com/pingxiang/co/10792.htm
萍乡市创鑫填料有限公司的商铺,http://pingxiang010792.11467.com
沈阳市皇姑区东洋不锈钢橱具厂,http:////www.11467.com/shenyang/co/62486.htm
沈阳市皇姑区东洋不锈钢橱具厂的商铺,http://shenyang062486.11467.com
惠州市惠城区惠鹏绝缘材料商行,http:////www.11467.com/huizhou/co/68073.htm
惠州市惠城区惠鹏绝缘材料商行的商铺,http://huizhou068073.11467.com
嘉兴良信模具科技有限公司,http:////www.11467.com/jiaxing/co/85396.htm
嘉兴良信模具科技有限公司的商铺,http://jiaxing085396.11467.com
嘉兴市虎跃金属制品有限公司,http:////www.11467.com/jiaxing/co/85516.htm
嘉兴市虎跃金属制品有限公司的商铺,http://jiaxing085516.11467.com
昆明市官渡区广发塑料模具厂,http:////www.11467.com/kunming/co/107351.htm
昆明市官渡区广发塑料模具厂的商铺,http://kunming0107351.11467.com
兰州普锐机电产品设计中心,http:////www.11467.com/lanzhou/co/63659.htm
兰州普锐机电产品设计中心的商铺,http://lanzhou063659.11467.com
临沂同发塑业有限公司,http:////www.11467.com/linyi/co/60987.htm
临沂同发塑业有限公司的商铺,http://linyi060987.11467.com
丽水市夏龙笔舌水器厂,http:////www.11467.com/lishui/co/2403.htm
丽水市夏龙笔舌水器厂的商铺,http://lishui02403.11467.com
南京华强模具塑料厂,http:////www.11467.com/nanjing/co/77285.htm
南京华强模具塑料厂的商铺,http://nanjing077285.11467.com
沈阳方也信贸易有限公司,http:////www.11467.com/shenyang/co/29402.htm
沈阳方也信贸易有限公司的商铺,http://shenyang029402.11467.com
泉州市丰泽五福塑料包装用品厂,http:////www.11467.com/quanzhou/co/100849.htm
泉州市丰泽五福塑料包装用品厂的商铺,http://quanzhou0100849.11467.com
萍乡市方兴石化填料有限公司,http:////www.11467.com/pingxiang/co/9787.htm
萍乡市方兴石化填料有限公司的商铺,http://pingxiang09787.11467.com
大城县权村全兴聚氨酯发泡设备厂,http:////www.11467.com/langfang/co/24937.htm
大城县权村全兴聚氨酯发泡设备厂的商铺,http://langfang024937.11467.com
南通市崇川区钜烽五金刀具商行,http:////www.11467.com/nantong/co/106923.htm
南通市崇川区钜烽五金刀具商行的商铺,http://nantong0106923.11467.com
深圳市嘉源盛模具有限公司,http:////www.11467.com/shenzhen/co/333484.htm
深圳市嘉源盛模具有限公司的商铺,http://shenzhen0333484.11467.com
嘉兴市南湖区城东鼎盛模具厂,http:////www.11467.com/jiaxing/co/85395.htm
嘉兴市南湖区城东鼎盛模具厂的商铺,http://jiaxing085395.11467.com
深圳市鼎铭雕刻设计有限公司,http:////www.11467.com/shenzhen/co/809193.htm
深圳市鼎铭雕刻设计有限公司的商铺,http://shenzhen0809193.11467.com
深圳市国富电子有限公司,http:////www.11467.com/shenzhen/co/224733.htm
深圳市国富电子有限公司的商铺,http://shenzhen0224733.11467.com
嘉兴市捷冠机械有限公司,http:////www.11467.com/jiaxing/co/123413.htm
嘉兴市捷冠机械有限公司的商铺,http://jiaxing0123413.11467.com
深圳市金珠激光焊接有限公司,http:////www.11467.com/shenzhen/co/811668.htm
深圳市金珠激光焊接有限公司的商铺,http://shenzhen0811668.11467.com
深圳市好加利科技有限公司,http:////www.11467.com/shenzhen/co/810356.htm
深圳市好加利科技有限公司的商铺,http://shenzhen0810356.11467.com
龙岩市新罗区三山机械厂,http:////www.11467.com/longyan/co/21660.htm
龙岩市新罗区三山机械厂的商铺,http://longyan021660.11467.com
深圳市谷丰五金塑胶有限公司,http:////www.11467.com/shenzhen/co/774656.htm
深圳市谷丰五金塑胶有限公司的商铺,http://shenzhen0774656.11467.com
深圳市科之鼎数控科技有限公司,http:////www.11467.com/shenzhen/co/430726.htm
深圳市科之鼎数控科技有限公司的商铺,http://shenzhen0430726.11467.com
江门市蓬江区越竣模具厂,http:////www.11467.com/jiangmen/co/91467.htm
江门市蓬江区越竣模具厂的商铺,http://jiangmen091467.11467.com
万兹莱压缩机械(上海)有限公司,http:////www.11467.com/nanchang/co/107527.htm
万兹莱压缩机械(上海)有限公司的商铺,http://nanchang0107527.11467.com
深圳市泓志鑫科技有限公司,http:////www.11467.com/shenzhen/co/368199.htm
深圳市泓志鑫科技有限公司的商铺,http://shenzhen0368199.11467.com
深圳市华翔陶瓷有限公司,http:////www.11467.com/shenzhen/co/811497.htm
深圳市华翔陶瓷有限公司的商铺,http://shenzhen0811497.11467.com
南通建业精密模具表面处理有限公司,http:////www.11467.com/nantong/co/106939.htm
南通建业精密模具表面处理有限公司的商铺,http://nantong0106939.11467.com
上海衡建机械设备有限公司,http:////www.11467.com/ningbo/co/192117.htm
上海衡建机械设备有限公司的商铺,http://ningbo0192117.11467.com
深圳市龙岗区创利信五金模具制品厂,http:////www.11467.com/shenzhen/co/811139.htm
深圳市龙岗区创利信五金模具制品厂的商铺,http://shenzhen0811139.11467.com
深圳市利城丰五金塑胶有限公司,http:////www.11467.com/shenzhen/co/757898.htm
深圳市利城丰五金塑胶有限公司的商铺,http://shenzhen0757898.11467.com
深圳市利兴鸿业精密刀模有限公司,http:////www.11467.com/shenzhen/co/488132.htm
深圳市利兴鸿业精密刀模有限公司的商铺,http://shenzhen0488132.11467.com
深圳市金色平原科技有限公司,http:////www.11467.com/shenzhen/co/761785.htm
深圳市金色平原科技有限公司的商铺,http://shenzhen0761785.11467.com
深圳市欧卡沃塑胶电子有限公司,http:////www.11467.com/shenzhen/co/800062.htm
深圳市欧卡沃塑胶电子有限公司的商铺,http://shenzhen0800062.11467.com
克努特贸易(深圳)有限公司,http:////www.11467.com/shenzhen/co/486902.htm
克努特贸易(深圳)有限公司的商铺,http://shenzhen0486902.11467.com
深圳市宝安区沙井威尔斯塑胶电子经营部,http:////www.11467.com/shenzhen/co/729031.htm
深圳市宝安区沙井威尔斯塑胶电子经营部的商铺,http://shenzhen0729031.11467.com
南京鑫烁机械设备有限公司,http:////www.11467.com/nanjing/co/114527.htm
南京鑫烁机械设备有限公司的商铺,http://nanjing0114527.11467.com
南通贝泰机械制造有限公司,http:////www.11467.com/nantong/co/138722.htm
南通贝泰机械制造有限公司的商铺,http://nantong0138722.11467.com
惠州市千镱五金制品有限公司,http:////www.11467.com/huizhou/co/81750.htm
惠州市千镱五金制品有限公司的商铺,http://huizhou081750.11467.com
嘉兴伟立精密机械有限公司,http:////www.11467.com/jiaxing/co/115075.htm
嘉兴伟立精密机械有限公司的商铺,http://jiaxing0115075.11467.com
大城县嘉盛机动车配件厂,http:////www.11467.com/langfang/co/46732.htm
大城县嘉盛机动车配件厂的商铺,http://langfang046732.11467.com
深圳市宝安区沙井隆兴精密铸造厂,http:////www.11467.com/shenzhen/co/423599.htm
深圳市宝安区沙井隆兴精密铸造厂的商铺,http://shenzhen0423599.11467.com
深圳市宝安区松岗辉宏模具经营部,http:////www.11467.com/shenzhen/co/491006.htm
深圳市宝安区松岗辉宏模具经营部的商铺,http://shenzhen0491006.11467.com
深圳市隆信拉链有限公司,http:////www.11467.com/shenzhen/co/243851.htm
深圳市隆信拉链有限公司的商铺,http://shenzhen0243851.11467.com
深圳市力洁科技有限公司,http:////www.11467.com/shenzhen/co/367371.htm
深圳市力洁科技有限公司的商铺,http://shenzhen0367371.11467.com
深圳市凯沃特有机硅材料有限公司,http:////www.11467.com/shenzhen/co/269824.htm
深圳市凯沃特有机硅材料有限公司的商铺,http://shenzhen0269824.11467.com
深圳市金跃鑫科技有限公司,http:////www.11467.com/shenzhen/co/723388.htm
深圳市金跃鑫科技有限公司的商铺,http://shenzhen0723388.11467.com
徐州恒发玻璃制品有限公司,http:////www.11467.com/xuzhou/co/54196.htm
徐州恒发玻璃制品有限公司的商铺,http://xuzhou054196.11467.com
天津金嘉诺机电设备销售有限公司,http:////www.11467.com/tianjin/co/117475.htm
天津金嘉诺机电设备销售有限公司的商铺,http://tianjin0117475.11467.com
天津市凯悦峰电碳制品有限公司,http:////www.11467.com/tianjin/co/137662.htm
天津市凯悦峰电碳制品有限公司的商铺,http://tianjin0137662.11467.com
漳州市臻隆金属制品有限公司,http:////www.11467.com/zhangzhou/co/38746.htm
漳州市臻隆金属制品有限公司的商铺,http://zhangzhou038746.11467.com
中山市小榄镇百益模具加工厂,http:////www.11467.com/zhongshan/co/83295.htm
中山市小榄镇百益模具加工厂的商铺,http://zhongshan083295.11467.com
泰安同创平衡机有限责任公司,http:////www.11467.com/taian/co/34275.htm
泰安同创平衡机有限责任公司的商铺,http://taian034275.11467.com
无锡众用模塑有限公司,http:////www.11467.com/wuxi/co/200351.htm
无锡众用模塑有限公司的商铺,http://wuxi0200351.11467.com
无锡万众精密模具有限公司,http:////www.11467.com/wuxi/co/195369.htm
无锡万众精密模具有限公司的商铺,http://wuxi0195369.11467.com
无锡市志宏机械厂,http:////www.11467.com/wuxi/co/186797.htm
无锡市志宏机械厂的商铺,http://wuxi0186797.11467.com
无锡莱斯帝汽车焊装设备有限公司,http:////www.11467.com/wuxi/co/192353.htm
无锡莱斯帝汽车焊装设备有限公司的商铺,http://wuxi0192353.11467.com
盐城市鑫浩机械制造有限公司,http:////www.11467.com/yancheng/co/55938.htm
盐城市鑫浩机械制造有限公司的商铺,http://yancheng055938.11467.com
无锡欣亿精密模具有限公司,http:////www.11467.com/wuxi/co/195461.htm
无锡欣亿精密模具有限公司的商铺,http://wuxi0195461.11467.com
苏州市相城区渭塘马斯特五金加工厂,http:////www.11467.com/suzhou/co/233083.htm
苏州市相城区渭塘马斯特五金加工厂的商铺,http://suzhou0233083.11467.com
淄博双源铜铝铸造厂,http:////www.11467.com/zibo/co/75743.htm
淄博双源铜铝铸造厂的商铺,http://zibo075743.11467.com
中山市高远精密模具有限公司,http:////www.11467.com/zhongshan/co/83196.htm
中山市高远精密模具有限公司的商铺,http://zhongshan083196.11467.com
信阳市天艺模具有限公司,http:////www.11467.com/xinyang/co/18823.htm
信阳市天艺模具有限公司的商铺,http://xinyang018823.11467.com
中山市众欣灯饰电器有限公司,http:////www.11467.com/zhongshan/co/152848.htm
中山市众欣灯饰电器有限公司的商铺,http://zhongshan0152848.11467.com
厦门恩西工贸有限公司,http:////www.11467.com/xiamen/co/57451.htm
厦门恩西工贸有限公司的商铺,http://xiamen057451.11467.com
深圳市可容精密科技有限公司,http:////www.11467.com/shenzhen/co/811170.htm
深圳市可容精密科技有限公司的商铺,http://shenzhen0811170.11467.com
深圳市壹佳创新科技有限公司,http:////www.11467.com/shenzhen/co/725633.htm
深圳市壹佳创新科技有限公司的商铺,http://shenzhen0725633.11467.com
深圳市爱比瑞塑胶模具有限公司,http:////www.11467.com/shenzhen/co/495118.htm
深圳市爱比瑞塑胶模具有限公司的商铺,http://shenzhen0495118.11467.com
苏州神德精密工业有限公司,http:////www.11467.com/suzhou/co/232525.htm
苏州神德精密工业有限公司的商铺,http://suzhou0232525.11467.com
厦门艾诺威商贸有限公司,http:////www.11467.com/xiamen/co/54030.htm
厦门艾诺威商贸有限公司的商铺,http://xiamen054030.11467.com
深圳市睿想模型有限公司,http:////www.11467.com/shenzhen/co/810028.htm
深圳市睿想模型有限公司的商铺,http://shenzhen0810028.11467.com
张家口精益机械传动有限公司,http:////www.11467.com/zhangjiakou/co/28468.htm
张家口精益机械传动有限公司的商铺,http://zhangjiakou028468.11467.com
苏州威汉数控科技有限公司,http:////www.11467.com/suzhou/co/307568.htm
苏州威汉数控科技有限公司的商铺,http://suzhou0307568.11467.com
深圳市华丰顺实业有限公司,http:////www.11467.com/shenzhen/co/94826.htm
深圳市华丰顺实业有限公司的商铺,http://shenzhen094826.11467.com
深圳市永恒力五金有限公司,http:////www.11467.com/shenzhen/co/493211.htm
深圳市永恒力五金有限公司的商铺,http://shenzhen0493211.11467.com
深圳市兴科荣科技有限公司,http:////www.11467.com/shenzhen/co/487146.htm
深圳市兴科荣科技有限公司的商铺,http://shenzhen0487146.11467.com
深圳市合通精密模具注塑有限公司,http:////www.11467.com/shenzhen/co/367313.htm
深圳市合通精密模具注塑有限公司的商铺,http://shenzhen0367313.11467.com
武汉中辉现代机械制造有限公司,http:////www.11467.com/wuhan/co/78959.htm
武汉中辉现代机械制造有限公司的商铺,http://wuhan078959.11467.com
中山市森科塑料五金制品有限公司,http:////www.11467.com/zhongshan/co/71187.htm
中山市森科塑料五金制品有限公司的商铺,http://zhongshan071187.11467.com
枣庄市森特数控设备有限公司,http:////www.11467.com/zaozhuang/co/36887.htm
枣庄市森特数控设备有限公司的商铺,http://zaozhuang036887.11467.com
无锡市胡埭环宇工程建筑机械厂,http:////www.11467.com/wuxi/co/56254.htm
无锡市胡埭环宇工程建筑机械厂的商铺,http://wuxi056254.11467.com
湖北天门众鑫渣浆泵业有限公司,http:////www.11467.com/xiantao/co/13746.htm
湖北天门众鑫渣浆泵业有限公司的商铺,http://xiantao013746.11467.com
深圳市源鑫达五金电子有限公司,http:////www.11467.com/shenzhen/co/495997.htm
深圳市源鑫达五金电子有限公司的商铺,http://shenzhen0495997.11467.com
昆山天得一精密机械有限公司,http:////www.11467.com/suzhou/co/356402.htm
昆山天得一精密机械有限公司的商铺,http://suzhou0356402.11467.com
深圳市南山区深源模具五金机械厂,http:////www.11467.com/shenzhen/co/427403.htm
深圳市南山区深源模具五金机械厂的商铺,http://shenzhen0427403.11467.com
任县杨氏重型汽车配件制造厂,http:////www.11467.com/xintai/co/39541.htm
任县杨氏重型汽车配件制造厂的商铺,http://xintai039541.11467.com
太仓市格鲁机电有限公司,http:////www.11467.com/suzhou/co/300566.htm
太仓市格鲁机电有限公司的商铺,http://suzhou0300566.11467.com
中山火炬开发区明远达精密五金制品厂,http:////www.11467.com/zhongshan/co/77572.htm
中山火炬开发区明远达精密五金制品厂的商铺,http://zhongshan077572.11467.com
大丰市三明铸造模具厂,http:////www.11467.com/yancheng/co/75211.htm
大丰市三明铸造模具厂的商铺,http://yancheng075211.11467.com
张振辉,http:////www.11467.com/xintai/co/57432.htm
张振辉的商铺,http://xintai057432.11467.com
无锡市三江塑料模具厂,http:////www.11467.com/wuxi/co/35446.htm
无锡市三江塑料模具厂的商铺,http://wuxi035446.11467.com
厦门华大立数控机床有限公司,http:////www.11467.com/xiamen/co/95948.htm
厦门华大立数控机床有限公司的商铺,http://xiamen095948.11467.com
尤扬电器制造(厦门)有限公司,http:////www.11467.com/xiamen/co/62674.htm
尤扬电器制造(厦门)有限公司的商铺,http://xiamen062674.11467.com
深圳市忠友顺减速电机有限公司,http:////www.11467.com/shenzhen/co/812587.htm
深圳市忠友顺减速电机有限公司的商铺,http://shenzhen0812587.11467.com
深圳市智田精密机电有限公司,http:////www.11467.com/shenzhen/co/807584.htm
深圳市智田精密机电有限公司的商铺,http://shenzhen0807584.11467.com
苏州召尔经贸有限公司,http:////www.11467.com/suzhou/co/229620.htm
苏州召尔经贸有限公司的商铺,http://suzhou0229620.11467.com
苏州富春精密机械有限公司,http:////www.11467.com/suzhou/co/226580.htm
苏州富春精密机械有限公司的商铺,http://suzhou0226580.11467.com
深圳市维奇精密机械有限公司,http:////www.11467.com/shenzhen/co/810965.htm
深圳市维奇精密机械有限公司的商铺,http://shenzhen0810965.11467.com
天津市汇田电工技术有限公司,http:////www.11467.com/tianjin/co/137118.htm
天津市汇田电工技术有限公司的商铺,http://tianjin0137118.11467.com
上海泽施电子科技发展有限公司,http:////www.11467.com/yancheng/co/55600.htm
上海泽施电子科技发展有限公司的商铺,http://yancheng055600.11467.com
佛山市南海区丹灶厚阳五金厂,http:////www.11467.com/foshan/co/222984.htm
佛山市南海区丹灶厚阳五金厂的商铺,http://foshan0222984.11467.com
黄石市华环塑料模具有限公司,http:////www.11467.com/huangshi/co/3352.htm
黄石市华环塑料模具有限公司的商铺,http://huangshi03352.11467.com
嘉兴晨凯模具有限公司,http:////www.11467.com/jiaxing/co/85408.htm
嘉兴晨凯模具有限公司的商铺,http://jiaxing085408.11467.com
揭阳市东山区磐东洪运来机械厂,http:////www.11467.com/jieyang/co/24058.htm
揭阳市东山区磐东洪运来机械厂的商铺,http://jieyang024058.11467.com
汕头市兴绿源包装制品有限公司,http:////www.11467.com/shantou/co/124121.htm
汕头市兴绿源包装制品有限公司的商铺,http://shantou0124121.11467.com
江海区海韬橡胶模具厂,http:////www.11467.com/jiangmen/co/88929.htm
江海区海韬橡胶模具厂的商铺,http://jiangmen088929.11467.com
张家港市明星机床设备供应站,http:////www.11467.com/suzhou/co/313161.htm
张家港市明星机床设备供应站的商铺,http://suzhou0313161.11467.com
东莞啸宝模具技术有限公司,http:////www.11467.com/dongguan/co/642384.htm
东莞啸宝模具技术有限公司的商铺,http://dongguan0642384.11467.com
深圳市宏扬模具科技有限公司,http:////www.11467.com/qiye/93323077.htm
深圳市宏扬模具科技有限公司的商铺,http://93323077.b2b.11467.com
南京银桥市场诺而信五金经营部,http:////www.11467.com/nanjing/co/160144.htm
南京银桥市场诺而信五金经营部的商铺,http://nanjing0160144.11467.com
上海志鸿激光刀模有限公司,http:////www.11467.com/shanghai/co/804606.htm
上海志鸿激光刀模有限公司的商铺,http://shanghai0804606.11467.com
东莞市闽荔城金属科技有限公司,http:////www.11467.com/qiye/93185240.htm
东莞市闽荔城金属科技有限公司的商铺,http://93185240.b2b.11467.com
顺德陈村万佳兴五金制品厂,http:////www.11467.com/qiye/93173801.htm
顺德陈村万佳兴五金制品厂的商铺,http://93173801.b2b.11467.com
上海欧野精工机械有限公司,http:////www.11467.com/shanghai/co/169488.htm
上海欧野精工机械有限公司的商铺,http://shanghai0169488.11467.com
苏州市吴中区甪直天德机械配件商行,http:////www.11467.com/suzhou/co/242143.htm
苏州市吴中区甪直天德机械配件商行的商铺,http://suzhou0242143.11467.com
衢州市兴鑫五金厂,http:////www.11467.com/quzhou/co/36116.htm
衢州市兴鑫五金厂的商铺,http://quzhou036116.11467.com
上海鹊凯实业有限公司,http:////www.11467.com/shanghai/co/512937.htm
上海鹊凯实业有限公司的商铺,http://shanghai0512937.11467.com
深圳市宝安区金丰达五金厂,http:////www.11467.com/shenzhen/co/492830.htm
深圳市宝安区金丰达五金厂的商铺,http://shenzhen0492830.11467.com
杭州加与电子有限公司,http:////www.11467.com/hangzhou/co/115859.htm
杭州加与电子有限公司的商铺,http://hangzhou0115859.11467.com
深圳市尖锋手板模型设计室,http:////www.11467.com/shenzhen/co/488574.htm
深圳市尖锋手板模型设计室的商铺,http://shenzhen0488574.11467.com
深圳市光明新区公明凯东五金经营部,http:////www.11467.com/shenzhen/co/811568.htm
深圳市光明新区公明凯东五金经营部的商铺,http://shenzhen0811568.11467.com
佛山市南海区金沙南沙棋通五金塑料厂,http:////www.11467.com/foshan/co/224987.htm
佛山市南海区金沙南沙棋通五金塑料厂的商铺,http://foshan0224987.11467.com
广州市番禺区沙头明润模具厂,http:////www.11467.com/guangzhou/co/245488.htm
广州市番禺区沙头明润模具厂的商铺,http://guangzhou0245488.11467.com
杭州纳博望机电科技有限公司,http:////www.11467.com/hangzhou/co/246231.htm
杭州纳博望机电科技有限公司的商铺,http://hangzhou0246231.11467.com
佛山市南海三新电子电器厂,http:////www.11467.com/foshan/co/241101.htm
佛山市南海三新电子电器厂的商铺,http://foshan0241101.11467.com
广州市冠艺格雕刻设备有限公司,http:////www.11467.com/guangzhou/co/121157.htm
广州市冠艺格雕刻设备有限公司的商铺,http://guangzhou0121157.11467.com
江门市蓬江区第发慢走丝五金经营部,http:////www.11467.com/jiangmen/co/103148.htm
江门市蓬江区第发慢走丝五金经营部的商铺,http://jiangmen0103148.11467.com
深圳市恒安精密模具有限公司,http:////www.11467.com/shenzhen/co/495211.htm
深圳市恒安精密模具有限公司的商铺,http://shenzhen0495211.11467.com
深圳市龙琪鑫实业有限公司,http:////www.11467.com/shenzhen/co/367326.htm
深圳市龙琪鑫实业有限公司的商铺,http://shenzhen0367326.11467.com
深圳市长龙点金科技有限公司,http:////www.11467.com/shenzhen/co/426185.htm
深圳市长龙点金科技有限公司的商铺,http://shenzhen0426185.11467.com
邳州市天资塑胶有限公司,http:////www.11467.com/xuzhou/co/25951.htm
邳州市天资塑胶有限公司的商铺,http://xuzhou025951.11467.com
十堰欣艺模型公司,http:////www.11467.com/shiyan/co/31429.htm
厦门市锦添辉工贸有限公司,http:////www.11467.com/xiamen/co/9976.htm
天津天宏瑞达机械有限公司,http:////www.11467.com/tianjin/co/34530.htm
无锡市雄飞线切割加工厂,http:////www.11467.com/wuxi/co/215364.htm
太原市星宇经典户外广告装饰有限公司,http:////www.11467.com/taiyuan/co/106790.htm
重庆众展模具,http:////www.11467.com/chongqing/co/81039.htm
佛山市天赢橡塑电器有限公司,http:////www.11467.com/foshan/co/224984.htm
长沙凌峰塑料制品有限公司,http:////www.11467.com/changsha/co/85811.htm
东莞市艾瑞精密机械科技有限公司,http:////www.11467.com/dongguan/co/70633.htm
东莞市昊科热流道系统有限公司,http:////www.11467.com/dongguan/co/282392.htm
东莞市捷准激光刀模有限公司,http:////www.11467.com/dongguan/co/233948.htm
洛阳疋姆泰可精密零件制造有限公司,http:////www.11467.com/luoyang/co/47617.htm
苏州华冲精密机械有限公司,http:////www.11467.com/suzhou/co/232065.htm
天津市永裕昌模具机械有限公司,http:////www.11467.com/tianjin/co/187529.htm
厦门虹鹭钨钼工业有限公司,http:////www.11467.com/xiamen/co/48443.htm
合肥森迪信息技术有限责任公司,http:////www.11467.com/qiye/93339128.htm
东莞市时利发热处理有限公司,http:////www.11467.com/dongguan/co/555544.htm
南皮县金宝五金塑料制品厂,http:////www.11467.com/cangzhou/co/14677.htm
大连瑞达模塑有限公司,http:////www.11467.com/dalian/co/66005.htm
大连明佳金属制品有限公司,http:////www.11467.com/dalian/co/23004.htm
东莞美都塑胶五金制品有限公司,http:////www.11467.com/dongguan/co/420921.htm
东莞市北昌五金科技有限公司,http:////www.11467.com/dongguan/co/548521.htm
东莞市长安亦卓模具五金制品厂,http:////www.11467.com/dongguan/co/287411.htm
东莞市长安金成模具制造厂,http:////www.11467.com/dongguan/co/292348.htm
东莞市长安汇集吸塑模具厂,http:////www.11467.com/dongguan/co/230916.htm
东莞市黄江绿叶印刷店,http:////www.11467.com/dongguan/co/141319.htm
东莞市冠茂塑胶电子科技有限公司,http:////www.11467.com/dongguan/co/419823.htm
东莞市事通达机电科技有限公司,http:////www.11467.com/dongguan/co/251537.htm
东莞市铠茂五金电子有限公司,http:////www.11467.com/dongguan/co/253529.htm
东莞市元塑塑胶五金制品有限公司,http:////www.11467.com/dongguan/co/158678.htm
祥琦精密模具有限公司,http:////www.11467.com/dongguan/co/193420.htm
佛山市南海区荣禹模具制品厂,http:////www.11467.com/foshan/co/309532.htm
佛山市伟灿钨钼金属有限公司,http:////www.11467.com/foshan/co/224990.htm
广州市白云区朗刻模具厂,http:////www.11467.com/guangzhou/co/274314.htm
广州市番禺区沙湾泰利塑料厂,http:////www.11467.com/guangzhou/co/245493.htm
广州市宝琳塑料制品有限公司,http:////www.11467.com/guangzhou/co/124954.htm
广州骐骥机电科技有限公司,http:////www.11467.com/guangzhou/co/107737.htm
广州市熙龙体育用品有限公司,http:////www.11467.com/guangzhou/co/245487.htm
广州市番禺区正和模具厂,http:////www.11467.com/guangzhou/co/65857.htm
杭州凯斯特化工有限公司,http:////www.11467.com/hangzhou/co/212354.htm
杭州激光刀模有限公司,http:////www.11467.com/hangzhou/co/189572.htm
杭州恒丰五金塑料电器有限公司,http:////www.11467.com/hangzhou/co/39491.htm
杭州宇轩五金模具有限公司,http:////www.11467.com/hangzhou/co/257027.htm
惠州市惠城区湘惠五金制品厂,http:////www.11467.com/huizhou/co/70078.htm
惠州市伟业精密科技有限公司,http:////www.11467.com/huizhou/co/63038.htm
缙云县成城工具制造有限公司,http:////www.11467.com/lishui/co/35387.htm
柳州万里机械有限公司,http:////www.11467.com/liuzhou/co/39567.htm
南京金宇刀具制造有限公司,http:////www.11467.com/nanjing/co/114882.htm
三富精密塑胶五金厂,http:////www.11467.com/shenzhen/co/263453.htm
深圳市宝安区公明森凯模具厂,http:////www.11467.com/shenzhen/co/495212.htm
深圳市宝安区观澜华利达激光刀模厂,http:////www.11467.com/shenzhen/co/492826.htm
深圳市成丰硕科技有限公司,http:////www.11467.com/shenzhen/co/495432.htm
深圳市宝安区大浪旭昌喷嘴喷雾配件经营部,http:////www.11467.com/shenzhen/co/776933.htm
深圳市宝安区石岩绍甫塑胶模具厂,http:////www.11467.com/shenzhen/co/253810.htm
深圳市金彩虹塑胶有限公司,http:////www.11467.com/shenzhen/co/253707.htm
深圳市龙岗区平湖大成达塑胶制品厂,http:////www.11467.com/shenzhen/co/626068.htm
深圳市龙岗区平湖三辰模具制品厂,http:////www.11467.com/shenzhen/co/367321.htm
深圳市开路红科技有限公司,http:////www.11467.com/shenzhen/co/135757.htm
深圳市龙岗区恒盈达模具机械厂,http:////www.11467.com/shenzhen/co/430779.htm
深圳市耐思特玻璃钢有限公司,http:////www.11467.com/shenzhen/co/427962.htm
深圳市友力时代科技有限公司,http:////www.11467.com/shenzhen/co/764618.htm
石家庄海吉工贸有限公司,http:////www.11467.com/shijiazhuang/co/64731.htm
中山华宏精密模具机械有限公司,http:////www.11467.com/zhongshan/co/7458.htm
中山市三佳塑料制品有限公司,http:////www.11467.com/zhongshan/co/151766.htm
中山市南诚电器实业有限公司,http:////www.11467.com/zhongshan/co/41878.htm
南宁林丰精密模具厂,http:////www.11467.com/nanning/co/89971.htm
东莞市清溪新美模型加工店,http:////www.11467.com/dongguan/co/414345.htm
东莞市杰然模具技术有限公司,http:////www.11467.com/dongguan/co/415161.htm
广州市仲氏模具蚀纹厂,http:////www.11467.com/guangzhou/co/434855.htm
东莞市横沥新良抛光厂,http:////www.11467.com/dongguan/co/488200.htm
保定衡泰塑料模具厂,http:////www.11467.com/baoding/co/78951.htm
深圳市五优精密模塑有限公司,http:////www.11467.com/shenzhen/co/758804.htm
台州黄岩拂晓模具厂,http:////www.11467.com/taizhou/co/136964.htm
河南省巩义市白河新华模具厂,http:////www.11467.com/zhengzhou/co/170520.htm
余姚兴润精密模具厂,http:////www.11467.com/ningbo/co/204315.htm
蚌埠市其力模具有限公司,http:////www.11467.com/bengbu/co/27059.htm
河北丰瑞电力装备有限公司,http:////www.11467.com/cangzhou/co/31469.htm
南皮县和泰机械制造有限公司,http:////www.11467.com/cangzhou/co/51357.htm
河间市芳华拉丝模具厂,http:////www.11467.com/cangzhou/co/57336.htm
东光县鑫鼎机械制造有限责任公司,http:////www.11467.com/cangzhou/co/30973.htm
常州莱克特冲件有限公司,http:////www.11467.com/changzhou/co/129313.htm
常州辉煌精密模具公司,http:////www.11467.com/changzhou/co/116701.htm
常州市华东客车配件有限公司,http:////www.11467.com/changzhou/co/79203.htm
常州市武进飞宇轴承有限公司,http:////www.11467.com/changzhou/co/37593.htm
常州市武进湖塘东方钢印厂,http:////www.11467.com/changzhou/co/58696.htm
张书富（个体经营）,http:////www.11467.com/changzhou/co/95747.htm
北京东方长远工贸有限公司,http:////www.11467.com/chaoyang/co/26156.htm
天长市华海电子科技有限公司,http:////www.11467.com/chuzhou/co/30724.htm
白云精密模具厂,http:////www.11467.com/dongguan/co/194365.htm
宝龙模具加工店,http:////www.11467.com/dongguan/co/186147.htm
常平喷油模具加工厂,http:////www.11467.com/dongguan/co/338431.htm
东莞长安鑫界精密模具加工店,http:////www.11467.com/dongguan/co/186162.htm
东莞润通塑胶制品科技有限公司,http:////www.11467.com/dongguan/co/185889.htm
东莞凤岗日鑫模具厂,http:////www.11467.com/dongguan/co/187517.htm
东莞鸿信模具五金制品厂,http:////www.11467.com/dongguan/co/338662.htm
东莞方圆精密模具加工店,http:////www.11467.com/dongguan/co/193157.htm
东莞市长安汇俐塑胶模具厂,http:////www.11467.com/dongguan/co/184185.htm
深圳市今日塑胶电子制品厂,http:////www.11467.com/shenzhen/co/367301.htm
深圳市新乡弘科技有限公司,http:////www.11467.com/shenzhen/co/499628.htm
深圳市永甚誉精密五金有限公司,http:////www.11467.com/shenzhen/co/430748.htm
深圳市远恒塑胶模具有限公司,http:////www.11467.com/shenzhen/co/367344.htm
深圳市源丰达塑胶模具厂,http:////www.11467.com/shenzhen/co/495229.htm
深圳市永安利塑胶五金有限公司,http:////www.11467.com/shenzhen/co/423608.htm
行唐县伟杰模具经销处,http:////www.11467.com/shijiazhuang/co/82807.htm
苏州工业园区华一机电有限公司,http:////www.11467.com/suzhou/co/177151.htm
苏州市德美德塑胶有限公司,http:////www.11467.com/suzhou/co/269250.htm
苏州市恒升机械有限公司,http:////www.11467.com/suzhou/co/181340.htm
苏州硕玛自动化设备有限公司,http:////www.11467.com/suzhou/co/324199.htm
苏州斯派克铝箔有限公司,http:////www.11467.com/suzhou/co/314976.htm
靖江市宏丰模具科技有限公司,http:////www.11467.com/taizhoushi/co/45688.htm
厦门市宏天祥科技发展有限公司,http:////www.11467.com/xiamen/co/46634.htm
江苏悦通机械有限公司,http:////www.11467.com/yancheng/co/79514.htm
张家口市宏兴机械有限责任公司,http:////www.11467.com/zhangjiakou/co/26676.htm
郑州武腾机械制造有限公司,http:////www.11467.com/zhengzhou/co/118442.htm
天津天文龙金属制品有限公司,http:////www.11467.com/tianjin/co/20988.htm
昆山市张浦镇兴鹏热处理厂,http:////www.11467.com/qiye/93090167.htm
东莞石成礼品有限公司(业务部),http:////www.11467.com/dongguan/co/194279.htm
创捷五金加工店,http:////www.11467.com/dongguan/co/194526.htm
东莞市长安精塑模具厂,http:////www.11467.com/dongguan/co/287580.htm
东莞市虎门瑞兴五金模具厂,http:////www.11467.com/dongguan/co/230426.htm
东莞市大岭山勇能五金模具加工店,http:////www.11467.com/dongguan/co/256112.htm
东莞市大朗精峰源精密五金模具厂,http:////www.11467.com/dongguan/co/457909.htm
东莞市茶山星日塑胶模具厂,http:////www.11467.com/dongguan/co/396857.htm
东莞市长安创兴五金配件加工厂,http:////www.11467.com/dongguan/co/106425.htm
东莞市长安俊欣模具维修店,http:////www.11467.com/dongguan/co/192097.htm
东莞市大朗盈溢五金模具厂,http:////www.11467.com/dongguan/co/287472.htm
东莞市浩天模具配件有限公司,http:////www.11467.com/dongguan/co/230716.htm
东莞市乾旺模具有限公司,http:////www.11467.com/dongguan/co/287367.htm
东莞市清溪恒科五金加工店,http:////www.11467.com/dongguan/co/256127.htm
东莞市钜光五金制品有限公司,http:////www.11467.com/dongguan/co/410734.htm
东莞市茂南铝合金制品厂,http:////www.11467.com/dongguan/co/251932.htm
东莞市塘厦智海塑胶制品厂,http:////www.11467.com/dongguan/co/68473.htm
东莞市石碣铭鸿塑胶模具厂,http:////www.11467.com/dongguan/co/192694.htm
东莞市石碣骏康五金制品厂,http:////www.11467.com/dongguan/co/230745.htm
东莞市寮步佳信电脑雕刻厂,http:////www.11467.com/dongguan/co/230695.htm
东莞市意隆模具用品有限公司,http:////www.11467.com/dongguan/co/139795.htm
东莞市永源五金塑胶制品有限公司,http:////www.11467.com/dongguan/co/251021.htm
东莞市万江达盛五金制品厂,http:////www.11467.com/dongguan/co/82577.htm
东莞市瑞风至模具有限公司,http:////www.11467.com/dongguan/co/230733.htm
东莞市泰镪电器塑胶有限公司,http:////www.11467.com/dongguan/co/414177.htm
东莞市华钦塑胶模具有限公司,http:////www.11467.com/dongguan/co/230662.htm
东莞市迎松精密模具有限公司,http:////www.11467.com/dongguan/co/185010.htm
东莞市智军电子科技有限公司,http:////www.11467.com/dongguan/co/508050.htm
东莞市长安锐天机械设备加工店,http:////www.11467.com/dongguan/co/410092.htm
东莞市中雾实业有限公司,http:////www.11467.com/dongguan/co/126436.htm
东莞市景辰五金有限公司,http:////www.11467.com/dongguan/co/476323.htm
华欣吸塑铝模厂,http:////www.11467.com/dongguan/co/188043.htm
坚宏铜模有限公司,http:////www.11467.com/dongguan/co/193957.htm
精锐（锐源）专业省模抛光加工厂,http:////www.11467.com/dongguan/co/191926.htm
东莞市拓宇机械有限公司,http:////www.11467.com/dongguan/co/411113.htm
精锐专业省模抛光加工厂,http:////www.11467.com/dongguan/co/339923.htm
丰屹模具制造厂,http:////www.11467.com/dongguan/co/189369.htm
横峰县宏辉金属制品有限公司,http:////www.11467.com/dongguan/co/289959.htm
辜旋（个体经营）,http:////www.11467.com/dongguan/co/186786.htm
乐天集团乐福塑胶电子有限公司,http:////www.11467.com/dongguan/co/186257.htm
东莞市凤岗辉荣五金加工厂,http:////www.11467.com/dongguan/co/286702.htm
东莞市樟木头勇记模具制品厂,http:////www.11467.com/dongguan/co/287452.htm
东莞市圆塑模具有限公司,http:////www.11467.com/dongguan/co/230704.htm
顺辉电子有限公司业务部,http:////www.11467.com/dongguan/co/186801.htm
昊丰精密模具加工厂,http:////www.11467.com/dongguan/co/190328.htm
平政科技有限公司,http:////www.11467.com/dongguan/co/188390.htm
千祥五金模具机械厂,http:////www.11467.com/dongguan/co/188241.htm
群协实业有限公司,http:////www.11467.com/dongguan/co/187822.htm
天华模具五金加工厂,http:////www.11467.com/dongguan/co/339593.htm
佛山市南海区大沥晶悦金属制品厂,http:////www.11467.com/foshan/co/219536.htm
佛山市南海聚新塑料五金厂,http:////www.11467.com/foshan/co/224985.htm
佛山市南海聚新塑料五金厂,http:////www.11467.com/foshan/co/224985.htm
佛山市南海区丹灶桂链模具制品厂,http:////www.11467.com/foshan/co/338229.htm
佛山市顺德区北滘镇顺威达模具塑料厂,http:////www.11467.com/foshan/co/65620.htm
湖州双林恒星抛光器材厂,http:////www.11467.com/foshan/co/246627.htm
佛山市南海区威铭铝制品加工厂,http:////www.11467.com/foshan/co/188188.htm
佛山市顺德区大良乐至五金模具经营部,http:////www.11467.com/foshan/co/232012.htm
佛山市南海区锦臻机械有限公司,http:////www.11467.com/foshan/co/325229.htm
佛山市顺德区均安镇天连顺英塑料电器厂,http:////www.11467.com/foshan/co/230907.htm
佛山市禅城区蒲进五金加工厂,http:////www.11467.com/foshan/co/226036.htm
天之力精密五金制件厂,http:////www.11467.com/foshan/co/210681.htm
佛山市顺德区伟中塑料制品有限公司,http:////www.11467.com/foshan/co/224991.htm
福州贤达模具有限公司,http:////www.11467.com/fuzhou/co/130804.htm
广州花都东江模具机械厂,http:////www.11467.com/guangzhou/co/323774.htm
广州市番禺区大石丰泰塑料五金加工厂,http:////www.11467.com/guangzhou/co/161879.htm
广州艾可森模具有限公司,http:////www.11467.com/guangzhou/co/196239.htm
广州市爱乐耳机厂*业务部,http:////www.11467.com/guangzhou/co/199178.htm
广州市泓明塑料工艺品有限公司,http:////www.11467.com/guangzhou/co/276412.htm
广州市番禺区石基鑫威金属制品厂,http:////www.11467.com/guangzhou/co/283162.htm
广州市海珠区国信模具厂,http:////www.11467.com/guangzhou/co/98513.htm
广州市好多利电子科技有限公司,http:////www.11467.com/guangzhou/co/483936.htm
广州市南方尼龙制品有限公司,http:////www.11467.com/guangzhou/co/278427.htm
鸿利电脑雕刻铜厂,http:////www.11467.com/guangzhou/co/324826.htm
杭州佳达塑料模具有限公司,http:////www.11467.com/hangzhou/co/257470.htm
杭州信合精工模具有限公司,http:////www.11467.com/hangzhou/co/255721.htm
杭州卓成机械有限公司,http:////www.11467.com/hangzhou/co/251832.htm
杭州市江干区卓胜五金经营部,http:////www.11467.com/hangzhou/co/246348.htm
河北省故城县原西重型铸造厂,http:////www.11467.com/hengshui/co/22055.htm
博罗县福田镇御品质五金塑胶营业部,http:////www.11467.com/huizhou/co/98555.htm
揭东县凯美迪印刷包装材料有限公司,http:////www.11467.com/jieyang/co/27680.htm
济南金鑫橡塑模具有限公司,http:////www.11467.com/jinan/co/75611.htm
廊坊市仁泰塑胶制品有限公司,http:////www.11467.com/langfang/co/45358.htm
霸州市林海汽车配件厂,http:////www.11467.com/langfang/co/15449.htm
聊城日飞机械有限公司,http:////www.11467.com/liaocheng/co/27826.htm
龙泉市金鼎铝业有限责任公司,http:////www.11467.com/lishui/co/12756.htm
柳州恒旭数控加工部,http:////www.11467.com/liuzhou/co/39522.htm
南京简氏模具设备有限公司机械模具部,http:////www.11467.com/nanjing/co/90603.htm
南京紫星摸具加工厂,http:////www.11467.com/nanjing/co/65167.htm
启东市海生冲压件有限公司,http:////www.11467.com/nantong/co/99819.htm
宁波鑫一磊检测有限公司,http:////www.11467.com/ningbo/co/82366.htm
宁波市鄞州双丰五金机械模具厂,http:////www.11467.com/ningbo/co/71703.htm
湖南高强石膏制品有限公司（宁波办事处）,http:////www.11467.com/ningbo/co/81830.htm
宁波协成模具五金厂,http:////www.11467.com/ningbo/co/81737.htm
宁波市晨辉机械制造有限公司生产部,http:////www.11467.com/ningbo/co/121168.htm
莆田市涵江区美特伦电子有限公司,http:////www.11467.com/putian/co/28747.htm
永信模具塑料制品有限公司,http:////www.11467.com/quanzhou/co/98589.htm
浙江衢州宏达机械厂,http:////www.11467.com/quzhou/co/21385.htm
兄弟吸塑模具厂,http:////www.11467.com/shantou/co/131263.htm
步承五金厂,http:////www.11467.com/shenzhen/co/262548.htm
北斗塑胶深圳有限公司,http:////www.11467.com/shenzhen/co/268519.htm
波士龙精密（深圳）有限公司,http:////www.11467.com/shenzhen/co/268685.htm
高辙（个体经营）,http:////www.11467.com/shenzhen/co/367345.htm
金万达模具五金制品厂,http:////www.11467.com/shenzhen/co/253815.htm
恒昌橡胶模具厂,http:////www.11467.com/shenzhen/co/267353.htm
昊晨塑胶压铸制品厂,http:////www.11467.com/shenzhen/co/594435.htm
深圳宏顺发塑胶模具有限公司,http:////www.11467.com/shenzhen/co/596405.htm
深圳市宝安区民治鸿泰精密塑胶模具厂,http:////www.11467.com/shenzhen/co/367277.htm
深圳市宝安区沙井鸿胜模具厂,http:////www.11467.com/shenzhen/co/267076.htm
深圳市宝安区沙井诚益盛模具塑胶制品厂,http:////www.11467.com/shenzhen/co/495444.htm
深圳市宝安区沙井国隆达模具塑胶厂,http:////www.11467.com/shenzhen/co/483117.htm
深圳市宝安区松岗亿鑫模具经营部,http:////www.11467.com/shenzhen/co/367368.htm
高科电热机械(深圳)有限公司,http:////www.11467.com/shenzhen/co/593103.htm
深圳市宝安区观澜数码星塑胶模具厂,http:////www.11467.com/shenzhen/co/495233.htm
深圳市传佳科技有限公司,http:////www.11467.com/shenzhen/co/420636.htm
深圳龙华益丰模具厂,http:////www.11467.com/shenzhen/co/256079.htm
深圳市德泰机电设备有限公司,http:////www.11467.com/shenzhen/co/343880.htm
华新经销部,http:////www.11467.com/shenzhen/co/256468.htm
深圳市博思迪科技有限公司,http:////www.11467.com/shenzhen/co/135759.htm
日胜五金制品有限公司,http:////www.11467.com/shenzhen/co/259989.htm
日隆科技（深圳）有限公司,http:////www.11467.com/shenzhen/co/596134.htm
深圳市宝安区西乡华丰五金制品厂,http:////www.11467.com/shenzhen/co/427407.htm
深圳市宝安区石岩联铭精密五金制品厂,http:////www.11467.com/shenzhen/co/563615.htm
深圳市佳顺达激光刀模有限公司,http:////www.11467.com/shenzhen/co/478854.htm
深圳市嘉杰海电子有限公司,http:////www.11467.com/shenzhen/co/367375.htm
深圳市洪富顺塑胶五金有限公司,http:////www.11467.com/shenzhen/co/367346.htm
深圳市港合五金制品厂,http:////www.11467.com/shenzhen/co/265416.htm
深圳市国祥安精密模具有限公司,http:////www.11467.com/shenzhen/co/787407.htm
深圳市国龙工业设计有限公司,http:////www.11467.com/shenzhen/co/366908.htm
深圳市华科达塑胶五金有限公司,http:////www.11467.com/shenzhen/co/782279.htm
深圳市方圆美模具有限公司,http:////www.11467.com/shenzhen/co/427977.htm
深圳市健康源公司,http:////www.11467.com/shenzhen/co/265933.htm
深圳市莱冠五金制品有限公司,http:////www.11467.com/shenzhen/co/506575.htm
深圳市九重合智能化科技有限公司,http:////www.11467.com/shenzhen/co/780891.htm
深圳市君道汽车用品有限公司,http:////www.11467.com/shenzhen/co/729170.htm
深圳市冠威科技有限公司（加工部）,http:////www.11467.com/shenzhen/co/595411.htm
深圳市君新激光刀模厂,http:////www.11467.com/shenzhen/co/254447.htm
深圳市华一辉精密机械有限公司,http:////www.11467.com/shenzhen/co/787583.htm
深圳市炬旺刀模厂,http:////www.11467.com/shenzhen/co/266453.htm
深圳市金昌鑫五金塑胶有限公司,http:////www.11467.com/shenzhen/co/423596.htm
深圳市金创图科技有限公司,http:////www.11467.com/shenzhen/co/137677.htm
深圳市宝安区西乡联兴精密模具制品厂,http:////www.11467.com/shenzhen/co/367287.htm
深圳市凯威达电子有限公司,http:////www.11467.com/shenzhen/co/594463.htm
深圳市凯威达塑胶制品有限公司,http:////www.11467.com/shenzhen/co/47922.htm
深圳杰诺特精密技术有限公司,http:////www.11467.com/shenzhen/co/264507.htm
深圳市龙岗区横岗协懋模具配件销售店,http:////www.11467.com/shenzhen/co/253536.htm
深圳市宝兴发五金塑胶制品有限公司,http:////www.11467.com/shenzhen/co/137676.htm
深圳市荣利塑胶五金有限公司,http:////www.11467.com/shenzhen/co/359255.htm
深圳市凌琛电子有限公司,http:////www.11467.com/shenzhen/co/38875.htm
深圳市龙岗区横岗镇六约耀达模具厂,http:////www.11467.com/shenzhen/co/367286.htm
深圳市善凯机械设备有限公司,http:////www.11467.com/shenzhen/co/101199.htm
深圳市龙岗区坑梓镇升宁塑胶五金制品厂,http:////www.11467.com/shenzhen/co/258208.htm
深圳市文普达科技有限公司,http:////www.11467.com/shenzhen/co/276638.htm
深圳市鑫海成达五金制品厂,http:////www.11467.com/shenzhen/co/734223.htm
深圳市日兴昌电子科技有限公司,http:////www.11467.com/shenzhen/co/367319.htm
深圳市纳一模具制造有限公司,http:////www.11467.com/shenzhen/co/367272.htm
深圳市鑫强泰科技有限公司,http:////www.11467.com/shenzhen/co/367379.htm
深圳市赛科易昊科技有限公司,http:////www.11467.com/shenzhen/co/723482.htm
深圳市旺达盛世科技有限公司,http:////www.11467.com/shenzhen/co/766922.htm
深圳市合联创业科技发展有限公司,http:////www.11467.com/shenzhen/co/495250.htm
深圳市宇润精密五金塑胶制品有限公司,http:////www.11467.com/shenzhen/co/787541.htm
深圳市信立德五金有限公司,http:////www.11467.com/shenzhen/co/434504.htm
深圳市正浩德科技有限公司,http:////www.11467.com/shenzhen/co/367318.htm
深圳市元泰塑胶模具有限公司,http:////www.11467.com/shenzhen/co/199741.htm
深圳市毅泽龙机械设备制造有限公司,http:////www.11467.com/shenzhen/co/259539.htm
顺德精密机械加工厂,http:////www.11467.com/shenzhen/co/268228.htm
深圳市雅精压铸制品厂,http:////www.11467.com/shenzhen/co/731073.htm
深圳粤宝精密五金有限公司,http:////www.11467.com/shenzhen/co/495443.htm
易模塑科技（深圳）有限公司,http:////www.11467.com/shenzhen/co/491568.htm
友信精密（深圳）有限公司,http:////www.11467.com/shenzhen/co/594612.htm
深圳市永联晟五金塑胶有限公司,http:////www.11467.com/shenzhen/co/343672.htm
台利机械制造(深圳)有限公司,http:////www.11467.com/shenzhen/co/367337.htm
深圳市鑫宝鑫五金塑胶制品有限公司,http:////www.11467.com/shenzhen/co/493469.htm
深圳市中科迪塑胶模具有限公司,http:////www.11467.com/shenzhen/co/367323.htm
新科五金(深圳)有限公司,http:////www.11467.com/shenzhen/co/263093.htm
深圳市幸佳和贸易有限公司,http:////www.11467.com/shenzhen/co/256410.htm
勇顺塑胶五金模具厂,http:////www.11467.com/shenzhen/co/262435.htm
吉林省四平市飞鹰实业公司,http:////www.11467.com/siping/co/31146.htm
艾汰迪国际有限公司,http:////www.11467.com/suzhou/co/217807.htm
苏州佳通包装材料有限公司,http:////www.11467.com/suzhou/co/223314.htm
苏州嘉盛精密模具厂,http:////www.11467.com/suzhou/co/218670.htm
苏州福特曼钣金有限公司,http:////www.11467.com/suzhou/co/296602.htm
苏州威昌机械有限公司,http:////www.11467.com/suzhou/co/238082.htm
苏州市吴中区甪直兴鹏热处理有限公司,http:////www.11467.com/suzhou/co/218282.htm
苏州市精诚模具抛光电镀厂,http:////www.11467.com/suzhou/co/218494.htm
苏州市乐尔凯塑胶电子有限公司,http:////www.11467.com/suzhou/co/250739.htm
苏州润宇精密机械有限公司,http:////www.11467.com/suzhou/co/232077.htm
苏州市工业园区东宇精密模具厂,http:////www.11467.com/suzhou/co/218769.htm
苏州市国银有色金属铸件厂,http:////www.11467.com/suzhou/co/24854.htm
苏州市浮桥精密铸造有限公司,http:////www.11467.com/suzhou/co/24888.htm
苏州雅芝塑胶有限公司,http:////www.11467.com/suzhou/co/207980.htm
台州市黄岩皇泰塑胶有限公司,http:////www.11467.com/taizhou/co/46486.htm
浙江台州黄岩信辉模具厂,http:////www.11467.com/taizhou/co/97527.htm
台州市椒江全丰橡胶模具厂,http:////www.11467.com/taizhou/co/79704.htm
浙江黄岩祥和模具厂,http:////www.11467.com/taizhou/co/84453.htm
龙信标牌厂,http:////www.11467.com/wenzhou/co/157954.htm
武汉普瑞赛思精冲技术有限公司,http:////www.11467.com/wuhan/co/82087.htm
明泉朔料制品有限公司,http:////www.11467.com/wuhan/co/57429.htm
武汉全永丰纳米科技有限公司,http:////www.11467.com/wuhan/co/68100.htm
无锡莱思特机械有限公司,http:////www.11467.com/wuxi/co/194330.htm
无锡宝益塑料制品有限公司,http:////www.11467.com/wuxi/co/56882.htm
无锡市申众五金机电设备有限公司,http:////www.11467.com/wuxi/co/160498.htm
深圳剑鸿模具塑胶厂,http:////www.11467.com/shenzhen/co/733302.htm
山东烟台永航模具厂,http:////www.11467.com/yantai/co/154684.htm
大连博创精密工业,http:////www.11467.com/dalian/co/52870.htm
东莞长安艺彰电脑锣加工中心,http:////www.11467.com/dongguan/co/185693.htm
东莞代威五金制品厂,http:////www.11467.com/dongguan/co/194053.htm
东莞市东坑力科塑胶模具厂,http:////www.11467.com/dongguan/co/500851.htm
东莞市天龙红实业有限公司,http:////www.11467.com/dongguan/co/187891.htm
东莞市洪益五金制品厂,http:////www.11467.com/dongguan/co/192102.htm
东莞祥展塑胶制品有限公司,http:////www.11467.com/dongguan/co/185009.htm
华荣模具蚀纹厂,http:////www.11467.com/dongguan/co/337245.htm
康奈集团康豪模具有限公司,http:////www.11467.com/dongguan/co/187866.htm
真材塑胶工模制品厂,http:////www.11467.com/dongguan/co/190784.htm
东莞市石排亮豪五金厂,http:////www.11467.com/dongguan/co/497385.htm
兴焰精密模具厂,http:////www.11467.com/dongguan/co/194195.htm
东莞市众通电子五金有限公司,http:////www.11467.com/dongguan/co/355247.htm
无锡市申众五金机电设备有限公司,http:////www.11467.com/wuxi/co/160498.htm
精成兴模具厂,http:////www.11467.com/xiamen/co/38850.htm
厦门市集美区昱腾机械加工厂,http:////www.11467.com/xiamen/co/50293.htm
厦门精益宏机械设备有限公司,http:////www.11467.com/xiamen/co/24493.htm
厦门市信通联模具工业有限公司,http:////www.11467.com/xiamen/co/49852.htm
厦门明宏成玻璃有限公司,http:////www.11467.com/xiamen/co/37968.htm
盐城市盛世汽车零部件有限公司,http:////www.11467.com/yancheng/co/55197.htm
扬州名世机械有限公司,http:////www.11467.com/yangzhou/co/81625.htm
江苏润青模具制造有限公司,http:////www.11467.com/yangzhou/co/108378.htm
扬州市德普材料有限公司,http:////www.11467.com/yangzhou/co/34629.htm
郑州天凯机械设备有限公司,http:////www.11467.com/zhengzhou/co/168048.htm
镇江新区隆鑫五金有限公司,http:////www.11467.com/zhenjiang/co/48561.htm
中山市东升镇指阳机械电器厂,http:////www.11467.com/zhongshan/co/41691.htm
中山市东升镇华敏塑料制品厂,http:////www.11467.com/zhongshan/co/137592.htm
中山市博钰精密模具制造有限公司,http:////www.11467.com/zhongshan/co/46374.htm
中山市达高精密模具科技有限公司,http:////www.11467.com/zhongshan/co/140030.htm
中山市利尔森塑木材料有限公司,http:////www.11467.com/zhongshan/co/132685.htm
淄博冠源机械厂,http:////www.11467.com/zibo/co/78438.htm
博山茂信匣钵有限公司,http:////www.11467.com/zibo/co/45608.htm
遵义市亚元复合材料厂,http:////www.11467.com/zunyi/co/21522.htm
上海茂葳实业有限公司,http:////www.11467.com/shanghai/co/314182.htm
上海华丰工贸有限公司,http:////www.11467.com/shanghai/co/161810.htm
上海市典廷工贸有限公司,http:////www.11467.com/shanghai/co/803003.htm
上海九申模具科技有限公司,http:////www.11467.com/shanghai/co/320422.htm
上海添纵商贸有限公司,http:////www.11467.com/shanghai/co/663113.htm
上海炜越精雕有限公司,http:////www.11467.com/shanghai/co/528515.htm
浙江玉环太平洋机械上海办事处,http:////www.11467.com/shanghai/co/313999.htm
天津市富民机器有限公司,http:////www.11467.com/tianjin/co/35268.htm
重庆世焘门窗制造有限责任公司,http:////www.11467.com/chongqing/co/79576.htm
昆山市宏光久华模具有限公司,http:////www.11467.com/suzhou/co/357383.htm
深圳精英模具数控高级培训中心,http:////www.11467.com/shenzhen/co/813851.htm
上海云延模型制造厂,http:////www.11467.com/shanghai/co/1066288.htm
中山东盟模具有限公司,http:////www.11467.com/qiye/93082036.htm
东莞市荣航精密模具有限公司,http:////www.11467.com/qiye/93101955.htm
深圳市千业盛世科技有限公司,http:////www.11467.com/qiye/93334838.htm
烟台又麟合金工业有限公司,http:////www.11467.com/dongguan/co/412221.htm
益新电机蚀刻厂,http:////www.11467.com/dongguan/co/189539.htm
五莲县开元钢球厂,http:////www.11467.com/dongguan/co/300136.htm
东莞市精众塑胶有限公司,http:////www.11467.com/dongguan/co/410025.htm
博星华模具公司,http:////www.11467.com/foshan/co/212181.htm
滨江木模厂,http:////www.11467.com/foshan/co/212199.htm
佛山市南海德晟精密机械厂,http:////www.11467.com/foshan/co/232947.htm
佛山市南海区洪溢机械厂,http:////www.11467.com/foshan/co/179564.htm
佛山市南海区里水通达五金模具厂,http:////www.11467.com/foshan/co/240004.htm
佛山市南海区乾通金属制品厂,http:////www.11467.com/foshan/co/305872.htm
佛山市南海区大丰模具厂,http:////www.11467.com/foshan/co/225177.htm
佛山市南海区九江旺生轻工机械模具厂,http:////www.11467.com/foshan/co/31984.htm
佛山市南海区大沥中广炜隆模具厂,http:////www.11467.com/foshan/co/240448.htm
佛山市南海区星科模具厂,http:////www.11467.com/foshan/co/224979.htm
佛山市顺德区陈村镇大都永协工装器具厂,http:////www.11467.com/foshan/co/226335.htm
佛山市顺德区陈村镇潭村佳长盛铸造工装设备厂,http:////www.11467.com/foshan/co/226033.htm
青岛市城阳区宏瑞达皮革压花模具厂,http:////www.11467.com/foshan/co/186873.htm
广东轻工职业技术学院校办厂,http:////www.11467.com/guangzhou/co/245491.htm
广州市花都区天锋机械配件厂,http:////www.11467.com/guangzhou/co/442913.htm
广州市思强模具塑料有限公司,http:////www.11467.com/guangzhou/co/276407.htm
广州市广雕机械设备有限公司,http:////www.11467.com/guangzhou/co/466692.htm
广州市番禺区南村杰福林塑料模具厂,http:////www.11467.com/guangzhou/co/276585.htm
广州市精通模具有限公司,http:////www.11467.com/guangzhou/co/275855.htm
广州市番禺区大石航美乐器配件经营部,http:////www.11467.com/guangzhou/co/245680.htm
广州市晟龙电子科技有限公司,http:////www.11467.com/guangzhou/co/131809.htm
广州市番禺区大石联成模型加工部,http:////www.11467.com/guangzhou/co/274391.htm
广州市越秀区永汉金属制品贸易部,http:////www.11467.com/guangzhou/co/278385.htm
广州市南亚纸浆模塑设备有限公司,http:////www.11467.com/guangzhou/co/107368.htm
杭州龚氏模具机械有限公司,http:////www.11467.com/hangzhou/co/260909.htm
杭州铭云科技有限公司,http:////www.11467.com/hangzhou/co/246226.htm
杭州氟碳建筑装饰有限公司,http:////www.11467.com/hangzhou/co/296246.htm
杭州伊纳可模具模型有限公司,http:////www.11467.com/hangzhou/co/123352.htm
杭州中利五金塑料模具厂,http:////www.11467.com/hangzhou/co/257377.htm
合肥信腾五金塑胶有限公司,http:////www.11467.com/hefei/co/127466.htm
合肥晚安管业有限责任公司,http:////www.11467.com/hefei/co/94804.htm
浙江吉盛机械有限公司,http:////www.11467.com/huzhou/co/27943.htm
山东济南三合数控雕刻机设备厂,http:////www.11467.com/jinan/co/75512.htm
宏兴模具加工中心,http:////www.11467.com/jinhua/co/71512.htm
霸州市煎茶铺弘兴塑料厂,http:////www.11467.com/langfang/co/16906.htm
廊坊宏冠塑胶制品有限公司,http:////www.11467.com/langfang/co/35703.htm
新化县东本塑胶模具梳刷厂,http:////www.11467.com/loudi/co/18833.htm
创业（南京）塑胶精密模具有限公司,http:////www.11467.com/nanjing/co/64565.htm
南京声誉通信器材配件厂,http:////www.11467.com/nanjing/co/64205.htm
南京众盛机电设备有限公司,http:////www.11467.com/nanjing/co/90610.htm
南京简氏模具设备有限公司,http:////www.11467.com/nanjing/co/18099.htm
如皋市金诚模具厂,http:////www.11467.com/nantong/co/40460.htm
宁波北仑明隆模具制造有限公司,http:////www.11467.com/ningbo/co/82121.htm
沈阳光亚特钢有限公司,http:////www.11467.com/shenyang/co/52423.htm
孙海波（个体经营）,http:////www.11467.com/shenyang/co/74005.htm
大秦模具（深圳）有限公司,http:////www.11467.com/shenzhen/co/596250.htm
东莞市万鑫达线材有限公司,http:////www.11467.com/dongguan/co/481592.htm
广州嘉悦实业有限公司,http:////www.11467.com/guangzhou/co/2395.htm
广州市白云宏志五金电器厂,http:////www.11467.com/guangzhou/co/275853.htm
广州市超艺机械有限公司,http:////www.11467.com/guangzhou/co/122708.htm
桐乡市汇泉五金塑料厂,http:////www.11467.com/jiaxing/co/41834.htm
大南山（佛冈）五金有限公司,http:////www.11467.com/qingyuan/co/4820.htm
隆兴塑胶五金制品厂,http:////www.11467.com/shenzhen/co/592533.htm
深圳市成瑞机械模具有限公司,http:////www.11467.com/shenzhen/co/489646.htm
深圳市大东方科技有限公司,http:////www.11467.com/shenzhen/co/724877.htm
深圳华连科技有限公司,http:////www.11467.com/shenzhen/co/255515.htm
深圳市豪杰鑫塑胶五金有限公司,http:////www.11467.com/shenzhen/co/495269.htm
深圳市溪林峰实业有限公司,http:////www.11467.com/shenzhen/co/70728.htm
深圳市合兴正业科技有限公司,http:////www.11467.com/shenzhen/co/244606.htm
深圳市志华利达塑胶制品部,http:////www.11467.com/shenzhen/co/367382.htm
中建拓展科技（深圳）有限公司,http:////www.11467.com/shenzhen/co/96737.htm
无锡模具公司,http:////www.11467.com/suqian/co/10624.htm
苏州群泰模塑有限公司,http:////www.11467.com/suzhou/co/217680.htm
苏州富茂机械有限公司,http:////www.11467.com/suzhou/co/177797.htm
苏州市协和塑胶模具有限公司,http:////www.11467.com/suzhou/co/21892.htm
顺腾木型厂,http:////www.11467.com/taiyuan/co/94429.htm
台州市黄岩增辉模具有限公司,http:////www.11467.com/taizhou/co/8751.htm
付双林（个体经营）,http:////www.11467.com/taizhou/co/97467.htm
武汉浙甬数控模具雕铣有限公司,http:////www.11467.com/wuhan/co/67863.htm
宜兴市吉阳机械模具厂,http:////www.11467.com/wuxi/co/249802.htm
厦门晨鑫塑胶制品有限公司,http:////www.11467.com/xiamen/co/11226.htm
厦门亚久保精密工业有限公司,http:////www.11467.com/xiamen/co/46633.htm
西安市长安区剑卓模具厂,http:////www.11467.com/xian/co/125651.htm
湖北襄樊塑胶制品加工厂,http:////www.11467.com/xiangfan/co/36809.htm
新乡市科汇塑胶包装有限公司,http:////www.11467.com/xinxiang/co/3381.htm
扬州市邗江华源塑料模具厂,http:////www.11467.com/yangzhou/co/81590.htm
镇江江南春环保节能设备有限公司,http:////www.11467.com/zhenjiang/co/26892.htm
北京天航星光科技有限公司,http:////www.11467.com/beijing/co/95873.htm
天津德隆兴金属加工有限公司,http:////www.11467.com/tianjin/co/147664.htm
东莞市兴彩实业有限公司,http:////www.11467.com/dongguan/co/642407.htm
深圳市山富精密科技有限公司,http:////www.11467.com/qiye/92959192.htm
江苏华疆三维科技有限公司,http:////www.11467.com/qiye/93068393.htm
苏州安雄精密模具有限公司,http:////www.11467.com/qiye/93090665.htm
苏州图延磨具有限公司,http:////www.11467.com/qiye/93092492.htm
兆航五金科技有限公司,http:////www.11467.com/qiye/93110820.htm
江西省南昌市高能精密制造有限公司,http:////www.11467.com/qiye/93114896.htm
广东允大金属材料有限公司,http:////www.11467.com/qiye/93123934.htm
保定市清苑区乐丰模具加工厂,http:////www.11467.com/qiye/93126645.htm
博罗县龙溪永熙五金线切割加工店,http:////www.11467.com/qiye/93132437.htm
深圳市伟力仕模型科技有限公司,http:////www.11467.com/qiye/93168891.htm
深圳市圣邦模具有限公司,http:////www.11467.com/qiye/93180276.htm
保定泰鼎路桥工程有限公司徐水分公司,http:////www.11467.com/qiye/93185318.htm
东莞市合昱晟精密科技有限公司,http:////www.11467.com/qiye/93212436.htm
天津源田科技发展有限公司,http:////www.11467.com/qiye/93334175.htm
凯思精密数控编程工作室,http:////www.11467.com/qiye/93352152.htm
东莞市顺建精密五金科技有限公司,http:////www.11467.com/qiye/93450165.htm
桐乡市汇泉五金塑料厂,http:////www.11467.com/jiaxing/co/41834.htm
大南山（佛冈）五金有限公司,http:////www.11467.com/qingyuan/co/4820.htm
汕头市现代模具有限公司,http:////www.11467.com/shantou/co/148196.htm
