广州市美丽多分贸易有限公司,http://www.11467.com/guangzhou/co/160519.htm
广州希玫尔日用品有限公司,http://www.11467.com/guangzhou/co/466489.htm
廣州市東興百貨有限公司,http://www.11467.com/guangzhou/co/152478.htm
广州天心实业有限公司,http://www.11467.com/guangzhou/co/159230.htm
广州维赛斯外贸有限公司,http://www.11467.com/guangzhou/co/132302.htm
广州市愉盈贸易有限公司,http://www.11467.com/guangzhou/co/347759.htm
美诗化妆品有限公司,http://www.11467.com/guangzhou/co/148714.htm
廣州傑克湯尼服飾有限公司,http://www.11467.com/guangzhou/co/147196.htm
广州市东方贸易有限公司,http://www.11467.com/guangzhou/co/159874.htm
广州阳程贸易公司,http://www.11467.com/guangzhou/co/457104.htm
永裕盛贸易有限公司,http://www.11467.com/guangzhou/co/149349.htm
英东酒店用品公司,http://www.11467.com/guangzhou/co/159715.htm
广州是市品上多经济发展有限公司,http://www.11467.com/guangzhou/co/349654.htm
广州市嘟嘟亮化工有限公司,http://www.11467.com/guangzhou/co/234778.htm
远文实业有限公司,http://www.11467.com/guangzhou/co/149223.htm
威莱日化国际公司,http://www.11467.com/guangzhou/co/160171.htm
辉煌杯业有限公司,http://www.11467.com/guangzhou/co/148144.htm
广州新大实业有限公司,http://www.11467.com/guangzhou/co/150311.htm
谢汗巴基斯坦贸易有限公司,http://www.11467.com/guangzhou/co/132369.htm
新源酒店用品公司,http://www.11467.com/guangzhou/co/478669.htm
逛逛商城——雨氏兄弟贸易有限公司,http://www.11467.com/guangzhou/co/155076.htm
忂州民心业有限公司,http://www.11467.com/guangzhou/co/152490.htm
山东雅驰工艺品有限公司,http://www.11467.com/guangzhou/co/297266.htm
桂林景昇商贸有限公司,http://www.11467.com/guilin/co/41677.htm
桂林老于娘食品有限公司,http://www.11467.com/guilin/co/45224.htm
贵阳富强二手回收公司,http://www.11467.com/guiyang/co/83084.htm
黑龙江省诚信库存积压百货有限公司,http://www.11467.com/haerbin/co/43780.htm
宇龙商务信息有限公司,http://www.11467.com/haerbin/co/71221.htm
碧莉姿贸易有限公司,http://www.11467.com/hangzhou/co/279288.htm
杭州节节贸易有限公司（库存部）,http://www.11467.com/hangzhou/co/219503.htm
杭州雅阁瑞布艺有限公司,http://www.11467.com/hangzhou/co/234655.htm
杭州奥奇家居用品有限公司,http://www.11467.com/hangzhou/co/114674.htm
深圳西路国际贸易有限公司杭州联络处,http://www.11467.com/hangzhou/co/279133.htm
万宝回收公司,http://www.11467.com/hangzhou/co/219812.htm
苏星河有限公司,http://www.11467.com/hangzhou/co/220577.htm
杭州市几米阳光家居有限公司,http://www.11467.com/hangzhou/co/222133.htm
沪娱娱乐有限公司,http://www.11467.com/hefei/co/95785.htm
金金有限公司,http://www.11467.com/hefei/co/84593.htm
郓城县恒信达木业有限公司,http://www.11467.com/heze/co/27989.htm
曼兰商贸有限公司,http://www.11467.com/heze/co/19140.htm
江苏诺亚有限公司,http://www.11467.com/huaian/co/35512.htm
湖州环球新亿丰环保科技有限公司,http://www.11467.com/huzhou/co/67052.htm
爱林家居用品有限公司,http://www.11467.com/jiangmen/co/86102.htm
鹤山市艺家亲工贸制品公司,http://www.11467.com/jiangmen/co/83940.htm
江门市鑫辉贸易公司,http://www.11467.com/jiangmen/co/82846.htm
瑞丰快餐有限公司,http://www.11467.com/jiaozuo/co/20303.htm
嘉兴日化用品有限公司,http://www.11467.com/jiaxing/co/80757.htm
嘉兴市佳美日化用品有限公司,http://www.11467.com/jiaxing/co/88407.htm
揭阳市华瑞工贸有限公司,http://www.11467.com/jieyang/co/31214.htm
济南京瑞商贸有限公司,http://www.11467.com/jinan/co/72006.htm
山东六合商贸有限责任公司,http://www.11467.com/jinan/co/97512.htm
洁美洗化公司,http://www.11467.com/jinan/co/72168.htm
义乌万隆进出口公司,http://www.11467.com/jinhua/co/127085.htm
金华市名成百货有限公司,http://www.11467.com/jinhua/co/3555.htm
金华市亚洁日用品有限公司,http://www.11467.com/jinhua/co/79395.htm
义乌市浩库库存贸易有限公司,http://www.11467.com/jinhua/co/124293.htm
江西大喜商贸有限公司,http://www.11467.com/jiujiang/co/19557.htm
江西航天日用化工发展有限责任公司九江分公司,http://www.11467.com/jiujiang/co/21028.htm
昆明留金经贸有限公司,http://www.11467.com/kunming/co/100784.htm
昆明新世界百货有限公司,http://www.11467.com/kunming/co/100096.htm
云南罗平耀新公司,http://www.11467.com/kunming/co/111092.htm
铸鼎钢结构有限公司,http://www.11467.com/langfang/co/28964.htm
兰州福润德公司,http://www.11467.com/lanzhou/co/69190.htm
连云港市康旭商贸发展有限公司,http://www.11467.com/lianyungang/co/30084.htm
临沂再生资源回收公司,http://www.11467.com/linyi/co/56615.htm
三叶贸易有限公司,http://www.11467.com/lishui/co/23335.htm
馨馨日用品批发公司,http://www.11467.com/luoyang/co/49984.htm
江西洪城商贸有限公司-商务部,http://www.11467.com/nanchang/co/84481.htm
南昌博士日化有限公司,http://www.11467.com/nanchang/co/93701.htm
广州合口美家居用品开发有限公司江苏办事处,http://www.11467.com/nanjing/co/59136.htm
南京广磊科贸有限公司,http://www.11467.com/nanjing/co/59888.htm
南京华讯科技有限责任公司,http://www.11467.com/nanjing/co/55602.htm
南京创伟二手办公家具回收公司,http://www.11467.com/nanjing/co/155157.htm
南京绝对商务代理公司,http://www.11467.com/nanjing/co/55620.htm
南京羽馨家居用品有限公司,http://www.11467.com/nanjing/co/56901.htm
南京典轩商贸有限公司,http://www.11467.com/nanjing/co/60265.htm
勤利贸易有限公司,http://www.11467.com/nanjing/co/59295.htm
福建省南平日日新贸易有限公司,http://www.11467.com/nanping/co/34713.htm
南通富尔通贸易有限公司,http://www.11467.com/nantong/co/109443.htm
南通梓馨纺织品有限公司,http://www.11467.com/nantong/co/134222.htm
南通吉芙宝纺织品有限公司,http://www.11467.com/nantong/co/134221.htm
瑞尔家用纺织品公司,http://www.11467.com/nantong/co/102952.htm
爱格乐电子感应设备有限公司,http://www.11467.com/ningbo/co/197934.htm
宁波好运来贸易有限公司,http://www.11467.com/ningbo/co/75367.htm
宁波恒立外贸有限公司,http://www.11467.com/ningbo/co/73934.htm
宁波市英峰商贸公司,http://www.11467.com/ningbo/co/72141.htm
宁波国正贸易公司,http://www.11467.com/ningbo/co/125416.htm
浙江易家居贸易有限公司,http://www.11467.com/ningbo/co/74603.htm
宁波伟峰箱包有限公司,http://www.11467.com/ningbo/co/9501.htm
宁波市镇海丹尼秀箱包有限公司,http://www.11467.com/ningbo/co/125383.htm
上海荷俪斯床上用品有限公司扬州分销中心,http://www.11467.com/ningbo/co/72889.htm
宁波尚品装饰有限公司,http://www.11467.com/ningbo/co/125249.htm
宁波鑫淼新日化有限公司,http://www.11467.com/ningbo/co/76145.htm
攀枝花市怡强商贸有限责任公司,http://www.11467.com/panzhihua/co/15620.htm
平煤集团金星装饰公司,http://www.11467.com/pingdingshan/co/19320.htm
青岛时尚倾城商贸有限公司,http://www.11467.com/qingdao/co/106309.htm
青岛志鹏箱包有限公司,http://www.11467.com/qingdao/co/74380.htm
青岛威斯琪商贸有限公司,http://www.11467.com/qingdao/co/75876.htm
青岛餐饮旅游用品有限公司,http://www.11467.com/qingdao/co/106386.htm
青岛新齐鲁商业发展有限公司,http://www.11467.com/qingdao/co/75456.htm
青岛有爱有家商务咨询有限公司,http://www.11467.com/qingdao/co/74398.htm
小城故事家居用品有限责任公司,http://www.11467.com/qinhuangdao/co/36710.htm
汇成包袋有限公司,http://www.11467.com/quanzhou/co/94879.htm
金海湾文化传播公司,http://www.11467.com/quanzhou/co/107602.htm
福建省德化县玉品陶瓷有限公司,http://www.11467.com/quanzhou/co/131073.htm
泉州佳达贸易有限公司,http://www.11467.com/quanzhou/co/95077.htm
小朱代理有限公司,http://www.11467.com/quanzhou/co/94850.htm
达荣实业有限公司,http://www.11467.com/quanzhou/co/102017.htm
香港诚信库存包贸易有限公司,http://www.11467.com/quanzhou/co/107542.htm
福仁贸易有限公司采购部,http://www.11467.com/quanzhou/co/95225.htm
瑜友国际有限公司,http://www.11467.com/quanzhou/co/94065.htm
浙江龙游日月工艺品公司,http://www.11467.com/quzhou/co/34218.htm
无企业有限公司,http://www.11467.com/shangrao/co/25478.htm
保方实业有限公司,http://www.11467.com/shaoguan/co/23909.htm
绍兴斯威特窗饰有限公司,http://www.11467.com/shaoxing/co/75555.htm
新昌县金鹏毛巾有限公司,http://www.11467.com/shaoxing/co/19515.htm
依美妮日化公司,http://www.11467.com/shaoyang/co/23247.htm
沈阳龙腾商贸有限公司,http://www.11467.com/shenyang/co/55562.htm
沈阳亿鼎红商贸有限公司,http://www.11467.com/shenyang/co/75376.htm
金顺美化妆品公司,http://www.11467.com/shenyang/co/70542.htm
恒德钟表有限公司,http://www.11467.com/shenyang/co/54090.htm
沈阳美好起点家居连锁有限公司,http://www.11467.com/shenyang/co/97467.htm
成昊贸易有限公司,http://www.11467.com/shenzhen/co/616248.htm
公隆實業有限公司,http://www.11467.com/shenzhen/co/220457.htm
鸿景贸易公司,http://www.11467.com/shenzhen/co/221427.htm
汉驹公司贸易企业有限公司,http://www.11467.com/shenzhen/co/220629.htm
玖玖外贸有限公司,http://www.11467.com/shenzhen/co/236347.htm
深圳科威电子公司,http://www.11467.com/shenzhen/co/615747.htm
和众木业有限公司,http://www.11467.com/shenzhen/co/222028.htm
深圳华创伟业贸易有限公司,http://www.11467.com/shenzhen/co/790002.htm
吉普林贸易有限公司（采购部）,http://www.11467.com/shenzhen/co/209167.htm
鸿达成贸易有限公司,http://www.11467.com/shenzhen/co/215236.htm
百事达贸易深圳有限公司,http://www.11467.com/shenzhen/co/211124.htm
深圳东科塑胶包装有限公司,http://www.11467.com/shenzhen/co/776331.htm
深圳积享通信息技术有限公司,http://www.11467.com/shenzhen/co/220092.htm
深圳盛唐时代文化传播有限公司,http://www.11467.com/shenzhen/co/225015.htm
深圳艾迪欧手袋有限公司,http://www.11467.com/shenzhen/co/619737.htm
深圳三圆油画艺术有限公司,http://www.11467.com/shenzhen/co/766205.htm
日月轩布艺有限公司,http://www.11467.com/shenzhen/co/219236.htm
深圳和运实业有限公司,http://www.11467.com/shenzhen/co/223572.htm
深圳华拓威电子有限公司销售部,http://www.11467.com/shenzhen/co/214671.htm
深圳家越贸易发展有限公司业务部,http://www.11467.com/shenzhen/co/222707.htm
深圳华艺玻璃器皿贸易公司山西采购处,http://www.11467.com/shenzhen/co/208247.htm
深圳经隆实业有限公司,http://www.11467.com/shenzhen/co/209946.htm
深圳市草根工贸有限公司,http://www.11467.com/shenzhen/co/211739.htm
深圳市方健贸易有限公司,http://www.11467.com/shenzhen/co/618698.htm
深圳市海神海绵有限公司,http://www.11467.com/shenzhen/co/214204.htm
深圳市海兴科技有限公司(业务),http://www.11467.com/shenzhen/co/204537.htm
深圳市汉驹贸易有限公司,http://www.11467.com/shenzhen/co/221009.htm
深圳卡努瓦实业有限公司,http://www.11467.com/shenzhen/co/221065.htm
深圳市鹏鹏实业贸易有限公司,http://www.11467.com/shenzhen/co/797140.htm
深圳市文丰实业发展有限公司,http://www.11467.com/shenzhen/co/516733.htm
深圳市盛达贸易有限公司,http://www.11467.com/shenzhen/co/210264.htm
深圳市喜得客商业连锁有限公司,http://www.11467.com/shenzhen/co/216525.htm
深圳市全空间信息咨询有限公司,http://www.11467.com/shenzhen/co/217686.htm
深圳市伟峰商贸有限公司,http://www.11467.com/shenzhen/co/244996.htm
深圳市思铭达套鞋宝有限公司,http://www.11467.com/shenzhen/co/217063.htm
深圳市怡木家居饰品有限公司,http://www.11467.com/shenzhen/co/71202.htm
深圳市宇菲实业有限公司,http://www.11467.com/shenzhen/co/204795.htm
深圳市信佳贸易有限公司,http://www.11467.com/shenzhen/co/794912.htm
深圳易令有限公司,http://www.11467.com/shenzhen/co/214973.htm
深圳威尔麦贸易有限公司,http://www.11467.com/shenzhen/co/208239.htm
深圳市银灿贸易有限公司,http://www.11467.com/shenzhen/co/219648.htm
深圳市奇亮达电子有限公司,http://www.11467.com/shenzhen/co/225367.htm
深圳市尚艺家居用品有限公司,http://www.11467.com/shenzhen/co/219783.htm
无限量贸易公司,http://www.11467.com/shenzhen/co/153817.htm
霞飞日用品（深圳）有限公司,http://www.11467.com/shenzhen/co/217625.htm
深圳市新富都家具有限公司,http://www.11467.com/shenzhen/co/618528.htm
宗記貿易公司,http://www.11467.com/shenzhen/co/616022.htm
卓远贸易有限公司澳新外销部,http://www.11467.com/shenzhen/co/203818.htm
竹笑居竹炭环保材料有限公司(销售部),http://www.11467.com/shenzhen/co/206366.htm
台湾万士有限公司,http://www.11467.com/shenzhen/co/221597.htm
深圳市裕柏实业的限公司,http://www.11467.com/shenzhen/co/220168.htm
深圳新贵家居用品公司,http://www.11467.com/shenzhen/co/617634.htm
欣怡日化贸易公司,http://www.11467.com/shenzhen/co/208020.htm
深圳市鸿发搬家回收有限公司,http://www.11467.com/shenzhen/co/776256.htm
深圳市艾百特实业有限公司,http://www.11467.com/shenzhen/co/760690.htm
深圳市艾妮肤科技有限公司,http://www.11467.com/shenzhen/co/618921.htm
深圳茫荡洋科技有限公司,http://www.11467.com/shenzhen/co/219953.htm
石家庄宜佳居生活用品有限公司,http://www.11467.com/shijiazhuang/co/75546.htm
苏州大众制冷有限公司,http://www.11467.com/suzhou/co/212833.htm
苏州市世豪商业设备有限公司,http://www.11467.com/suzhou/co/313958.htm
心然家具有限公司,http://www.11467.com/suzhou/co/211878.htm
苏州市莹辉日用礼品有限公司,http://www.11467.com/suzhou/co/168354.htm
陈强（私营公司）,http://www.11467.com/taiyuan/co/100451.htm
唐山市科明商贸有限公司,http://www.11467.com/tangshan/co/59166.htm
潍坊乐家家日用百货有限公司,http://www.11467.com/weifang/co/80530.htm
潍坊双河源经贸有限公司,http://www.11467.com/weifang/co/87258.htm
温州市旺盛日用百货有限公司,http://www.11467.com/wenzhou/co/11587.htm
温州浩源日用化妆品公司,http://www.11467.com/wenzhou/co/128875.htm
武汉出色化妆品有限公司,http://www.11467.com/wuhan/co/63003.htm
武汉红鱼有限公司,http://www.11467.com/wuhan/co/61492.htm
武汉木之源环保科技有限公司,http://www.11467.com/wuhan/co/59249.htm
武汉暖亿日化科技有限公司,http://www.11467.com/wuhan/co/61838.htm
武汉市盛宝龙商贸有限公司,http://www.11467.com/wuhan/co/48337.htm
武汉海庆公司,http://www.11467.com/wuhan/co/61471.htm
武汉市汉棉棉制品有限公司,http://www.11467.com/wuhan/co/62886.htm
山河商贸有限责任公司,http://www.11467.com/wuhu/co/23802.htm
东升科技有限公司江苏市场部,http://www.11467.com/wuxi/co/180283.htm
无锡金五星有限公司,http://www.11467.com/wuxi/co/179793.htm
无锡莉香兰日化用品有限公司,http://www.11467.com/wuxi/co/180018.htm
冬训有限公司,http://www.11467.com/wuzhou/co/17058.htm
强强联合公司,http://www.11467.com/xiamen/co/31527.htm
厦门酷爽食品公司,http://www.11467.com/xiamen/co/65714.htm
陕西青青家纺有限公司,http://www.11467.com/xian/co/54738.htm
陕西天泉科技有限公司商城部,http://www.11467.com/xian/co/53527.htm
大中华采购总公司,http://www.11467.com/xian/co/55083.htm
西安祥瑞家具家电回收有限公司,http://www.11467.com/xian/co/121777.htm
仙桃成业实业有限公司,http://www.11467.com/xiantao/co/15533.htm
信阳联华银珠广场商贸有限公司,http://www.11467.com/xinyang/co/18281.htm
新沂市生鑫商贸有限公司,http://www.11467.com/xuzhou/co/80585.htm
徐州瑟瑟屋主服饰有限公司,http://www.11467.com/xuzhou/co/52864.htm
冬冬小屋贸易有限公司,http://www.11467.com/yangzhou/co/78127.htm
扬州市天诗美景日化有限公司,http://www.11467.com/yangzhou/co/77921.htm
欣凯日化有限公司,http://www.11467.com/yangzhou/co/77896.htm
宜宾周记放心洗有限公司,http://www.11467.com/yibin/co/22973.htm
丰华石材工艺有限公司,http://www.11467.com/yunfu/co/19966.htm
翔升日化有限公司,http://www.11467.com/zhengzhou/co/100821.htm
河南日化贸易有限公司,http://www.11467.com/zhengzhou/co/101646.htm
恒泰隆商贸有限公司,http://www.11467.com/zhengzhou/co/101953.htm
郑州市非凡商贸有限公司,http://www.11467.com/zhengzhou/co/100488.htm
河南众邦商贸有限公司,http://www.11467.com/zhengzhou/co/101765.htm
河南美陶商贸有限公司,http://www.11467.com/zhengzhou/co/101497.htm
富丽酒店有限公司,http://www.11467.com/zhuhai/co/68318.htm
优朴文化传播有限公司,http://www.11467.com/zhuhai/co/65985.htm
我家塑料制品贸易公司,http://www.11467.com/zhuhai/co/67966.htm
珠海市盈润丰商贸有限公司,http://www.11467.com/zhuhai/co/67355.htm
精致贸易公司,http://www.11467.com/zhuzhou/co/32205.htm
淄博铭琪进出口有限公司,http://www.11467.com/zibo/co/69511.htm
爱思博阁国际教育科技(北京)有限公司,http://www.11467.com/beijing/co/392598.htm
安居基业数控设备<北京>有限公司,http://www.11467.com/beijing/co/88216.htm
北京安盛达诚科贸有限公司,http://www.11467.com/beijing/co/649566.htm
北京长虹回收公司,http://www.11467.com/beijing/co/692047.htm
北京敦煌禾光科技有限公司,http://www.11467.com/beijing/co/393578.htm
北京泛海新天二手家具旧货回收有限公司,http://www.11467.com/beijing/co/697667.htm
北京二手地毯销售有限公司,http://www.11467.com/beijing/co/120345.htm
北京华澳天成家具有限公司,http://www.11467.com/beijing/co/692062.htm
北京铭昊天鸿科技有限公司销售部,http://www.11467.com/beijing/co/421044.htm
北京奇硕恒华科技有限公司,http://www.11467.com/beijing/co/89319.htm
北京天罡伟业商贸有限公司,http://www.11467.com/beijing/co/88848.htm
北京奕文博雅商贸有限责任公司,http://www.11467.com/beijing/co/89468.htm
恒信音响设备回收公司,http://www.11467.com/beijing/co/222010.htm
黄花梨古典家具有限公司,http://www.11467.com/beijing/co/120917.htm
龙祥商贸有限公司,http://www.11467.com/beijing/co/393967.htm
瑞那科集团公司,http://www.11467.com/beijing/co/88657.htm
心仪空间科技北京公司,http://www.11467.com/beijing/co/562315.htm
新京济商贸有限公司,http://www.11467.com/beijing/co/88324.htm
北京世纪明宇环境工程科技有限公司销售部,http://www.11467.com/beijing/co/89024.htm
立新家用电器公司,http://www.11467.com/beijing/co/385329.htm
北京乐华商贸公司,http://www.11467.com/beijing/co/392039.htm
上海梵琨电子产品有限公司,http://www.11467.com/shanghai/co/212236.htm
上海丰邦国际贸易有限公司（业务部）,http://www.11467.com/shanghai/co/530064.htm
上海拔萃餐饮管理有限公司,http://www.11467.com/shanghai/co/879961.htm
上海兰奥化妆品有限公司,http://www.11467.com/shanghai/co/510027.htm
上海立新二手家具 家电回收`出售调剂公司,http://www.11467.com/shanghai/co/1046895.htm
上海京乐商场设备有限公司,http://www.11467.com/shanghai/co/1007254.htm
广西壮乡指天椒有限公司,http://www.11467.com/shanghai/co/943934.htm
利嘉家居贸易有限公司,http://www.11467.com/shanghai/co/212314.htm
绿茶创意有限责任公司,http://www.11467.com/shanghai/co/87807.htm
西安德朋网络信息技术有限公司,http://www.11467.com/xian/co/121035.htm
上海威展电子有限公司安庆办事处,http://www.11467.com/anqing/co/24293.htm
日用百货家电公司,http://www.11467.com/anqing/co/24240.htm
雅狮商贸有限公司,http://www.11467.com/baise/co/10530.htm
甘肃瀚太环保科技开发有限公司,http://www.11467.com/baiyin/co/4601.htm
保定市傲斯塑纸包装有限公司,http://www.11467.com/baoding/co/55392.htm
沧州美耐尔地毯有限公司,http://www.11467.com/cangzhou/co/59927.htm
沧州森源地板配件有限公司,http://www.11467.com/cangzhou/co/39281.htm
长沙国发贸易有限公司,http://www.11467.com/changsha/co/91745.htm
上海金和艺陶瓷有限公司,http://www.11467.com/shanghai/co/166944.htm
上海香荃实业有限公司,http://www.11467.com/shanghai/co/509170.htm
深云贸易发展有限公司,http://www.11467.com/shanghai/co/879849.htm
上海申如油脂产品有限公司,http://www.11467.com/shanghai/co/972533.htm
迁安置业房产公司,http://www.11467.com/shanghai/co/1044953.htm
郑州市管城区广源重型汽车配件销售公司,http://www.11467.com/shanghai/co/160937.htm
上海皓宇家具回收公司,http://www.11467.com/shanghai/co/1042554.htm
柏利德贸易公司,http://www.11467.com/tianjin/co/60737.htm
中国（天津）宇全商贸有限公司,http://www.11467.com/tianjin/co/138860.htm
天津市双兴城建发展有限公司,http://www.11467.com/tianjin/co/49894.htm
库存品贸易公司,http://www.11467.com/chongqing/co/77184.htm
龙岩市新罗区中创网络科技有限公司[重庆业务部],http://www.11467.com/chongqing/co/191944.htm
重庆惠格商贸有限公司,http://www.11467.com/chongqing/co/124415.htm
佛山市科善贸易有限公司,http://www.11467.com/foshan/co/361527.htm
天津迪曼科技有限公司,http://www.11467.com/tianjin/co/301049.htm
天津华瑞鑫健康科技有限公司,http://www.11467.com/tianjin/co/302707.htm
昆山佳合空气过滤网净化科技有限公司,http://www.11467.com/suzhou/co/391881.htm
临沂天弘塑业有限公司,http://www.11467.com/linyi/co/133817.htm
临沂巨鑫酒店用品有限公司,http://www.11467.com/linyi/co/133842.htm
北京非常宝儿母婴用品有限公司,http://www.11467.com/qiye/29656130.htm
上海棉购家居用品有限公司,http://www.11467.com/qiye/80066160.htm
昆山凯莉家居用品有限公司,http://www.11467.com/qiye/90609408.htm
昆明米奇果母婴用品有限公司,http://www.11467.com/qiye/93242120.htm
湖南财富源贸易有限公司,http://www.11467.com/changsha/co/121216.htm
福建延年消毒药剂有限公司全国营销中心,http://www.11467.com/changsha/co/75768.htm
潮州市颂发卫浴有限公司,http://www.11467.com/chaozhou/co/35413.htm
成都茂盛家纺实业公司,http://www.11467.com/chengdu/co/118920.htm
成都市稷桦商贸发展有限公司,http://www.11467.com/chengdu/co/87676.htm
成都天强物资回收有限公司,http://www.11467.com/chengdu/co/213342.htm
四川成都美多美日化有限公司,http://www.11467.com/chengdu/co/86599.htm
大连月生包装品有限公司,http://www.11467.com/dalian/co/54446.htm
大连武记小货郎商业有限公司采购中心,http://www.11467.com/dalian/co/38670.htm
创达小商品批发有限公司,http://www.11467.com/dongguan/co/163135.htm
东莞市威宏实业有限公司,http://www.11467.com/dongguan/co/507399.htm
競研國際開發有限公司,http://www.11467.com/dongguan/co/163689.htm
明潭国际有限公司,http://www.11467.com/dongguan/co/164008.htm
广州市山诺贸易有限公司,http://www.11467.com/dongguan/co/161325.htm
東莞圓晟塑膠五金製品有限公司,http://www.11467.com/dongguan/co/162979.htm
苏活时代贸易有限公司,http://www.11467.com/dongguan/co/162664.htm
奇尚创意家居饰品有限公司,http://www.11467.com/dongguan/co/162009.htm
维纳商贸公司,http://www.11467.com/dongguan/co/353145.htm
佛山市顺德区冠润实业有限公司,http://www.11467.com/foshan/co/192568.htm
佛山市盛泰贸易有限公司,http://www.11467.com/foshan/co/270749.htm
富桦商贸公司,http://www.11467.com/foshan/co/197604.htm
广东顺德凯木电器有限公司,http://www.11467.com/foshan/co/273055.htm
广州云升外贸工艺品公司,http://www.11467.com/foshan/co/195114.htm
怡邦家居有限公司,http://www.11467.com/foshan/co/195376.htm
隆发居家饰有限公司,http://www.11467.com/foshan/co/198169.htm
佛兰克旅游商品有限公司,http://www.11467.com/fushun/co/25378.htm
福建好美家居用品有限公司,http://www.11467.com/fuzhou/co/151928.htm
福建省南平市润欣贸易有限公司,http://www.11467.com/fuzhou/co/135550.htm
福州成效印刷包装有限公司,http://www.11467.com/fuzhou/co/148762.htm
福州闽城鞋业有限公司,http://www.11467.com/fuzhou/co/151721.htm
福州茗嘉茶业有限公司,http://www.11467.com/fuzhou/co/151831.htm
福州吉恩饰品有限公司,http://www.11467.com/fuzhou/co/68599.htm
福州市晶妙家居用品有限公司,http://www.11467.com/fuzhou/co/173786.htm
福州王氏贸易有限责任公司,http://www.11467.com/fuzhou/co/135307.htm
大田国际公司,http://www.11467.com/guangzhou/co/159832.htm
广州飞翔库存贸易有限公司,http://www.11467.com/guangzhou/co/345906.htm
广州安利日化公司,http://www.11467.com/guangzhou/co/346933.htm
广州浩泰无纺布有限公司,http://www.11467.com/guangzhou/co/64963.htm
广州海蓝酒店用品公司,http://www.11467.com/guangzhou/co/153266.htm
潮州东艺陶瓷有限公司,http://www.11467.com/guangzhou/co/153408.htm
广州胜兆贸易有限公司,http://www.11467.com/guangzhou/co/162806.htm
广州嘉和电子有限公司,http://www.11467.com/guangzhou/co/160240.htm
广州市宝和日用品有限公司,http://www.11467.com/guangzhou/co/157905.htm
广州人人搬家服务公司,http://www.11467.com/guangzhou/co/463706.htm
广州市华擎网络科技有限公司,http://www.11467.com/guangzhou/co/152577.htm
广州顺达外贸进口有限公司,http://www.11467.com/guangzhou/co/152346.htm
广州匠心组合有限公司,http://www.11467.com/guangzhou/co/157820.htm
广州市新力贸易公司,http://www.11467.com/guangzhou/co/156366.htm
广州市慧凯贸易有限公司,http://www.11467.com/guangzhou/co/347947.htm
广州市金尊荣化妆品有限公司,http://www.11467.com/guangzhou/co/159635.htm
广州亚舟商贸有限公司(市场部),http://www.11467.com/guangzhou/co/152469.htm
广州杂货马克创意用品公司,http://www.11467.com/guangzhou/co/147319.htm
塔希亚贸易有限公司,http://www.11467.com/guangzhou/co/347240.htm
广州市恩多礼品有限公司,http://www.11467.com/guangzhou/co/157817.htm
惠州创昱投资发展有限公司,http://www.11467.com/guangzhou/co/347530.htm
惠东捷登日用品有限公司广州办事处,http://www.11467.com/guangzhou/co/153863.htm
广州伊美婷日用品有限公司,http://www.11467.com/guangzhou/co/348029.htm
深圳金石投资有限公司广州贸易部,http://www.11467.com/guangzhou/co/288972.htm
旭通发展公司,http://www.11467.com/guangzhou/co/160122.htm
广州唯科通讯科技有限公司（市场部）,http://www.11467.com/guangzhou/co/132716.htm
桂林市宏达工贸有限公司,http://www.11467.com/guilin/co/41872.htm
东成商贸有限责任公司,http://www.11467.com/guiyang/co/73886.htm
邯郸开发区陆合家居用品有限公司,http://www.11467.com/handan/co/68846.htm
杭州可珩电子商务有限公司,http://www.11467.com/hangzhou/co/379880.htm
浙江樱花炭语科技有限公司 销售部,http://www.11467.com/hangzhou/co/221190.htm
杭州梅林竹炭制品有限公司,http://www.11467.com/hangzhou/co/222212.htm
伊娃时尚贸易有限公司,http://www.11467.com/hangzhou/co/278708.htm
杭州齐力工艺品有限公司,http://www.11467.com/hangzhou/co/213777.htm
安徽新时尚经济发展有限公司,http://www.11467.com/hefei/co/82691.htm
合肥千盛商贸有限公司,http://www.11467.com/hefei/co/95306.htm
合肥桑巴商贸有限公司,http://www.11467.com/hefei/co/84440.htm
凤胜家用品有限公司,http://www.11467.com/huaian/co/35510.htm
内蒙古宝迪化妆品有限公司,http://www.11467.com/huhehaote/co/24286.htm
惠州市幸福一身企业有限公司,http://www.11467.com/huizhou/co/60481.htm
美国RIVER OF GOODS 公司中国代表处,http://www.11467.com/huizhou/co/60401.htm
湖州凯瑞五金电器贸易有限公司,http://www.11467.com/huzhou/co/67337.htm
江门市万利食品公司,http://www.11467.com/jiangmen/co/84289.htm
科腾不锈钢有限公司,http://www.11467.com/jiangmen/co/97248.htm
焦作市红霞洗化制品有限公司,http://www.11467.com/jiaozuo/co/27135.htm
平湖大世界库存贸易公司,http://www.11467.com/jiaxing/co/124098.htm
平湖市广泰进出口有限公司,http://www.11467.com/jiaxing/co/124204.htm
揭阳市区创大钟表电器厂有限公司,http://www.11467.com/jieyang/co/16194.htm
陈龙日用品公司,http://www.11467.com/jinan/co/71089.htm
香港康倍尔(田一格)软体家具集团有限公司,http://www.11467.com/jinan/co/71565.htm
晋城市未来网络信息有限公司,http://www.11467.com/jincheng/co/17350.htm
浙江浩库贸易有限公司,http://www.11467.com/jinhua/co/125721.htm
艺诺装饰公司,http://www.11467.com/jinhua/co/68805.htm
义乌市万货源贸易公司,http://www.11467.com/jinhua/co/125286.htm
浙江省义乌市恒胜贸易有限公司,http://www.11467.com/jinhua/co/126459.htm
金华保捷尔工贸有限公司,http://www.11467.com/jinhua/co/68994.htm
义乌浩库库存贸易公司,http://www.11467.com/jinhua/co/125720.htm
义乌豪翔箱包销售有限公司五爱库存部,http://www.11467.com/jinhua/co/79451.htm
力新广告庆典公司,http://www.11467.com/jining/co/73529.htm
济宁日化有限公司,http://www.11467.com/jining/co/47168.htm
晋中新潮窗帘有限公司,http://www.11467.com/jinzhong/co/21980.htm
快乐之家家居用品有限公司,http://www.11467.com/jinzhou/co/43096.htm
江西省佳洁鞋套机有限公司,http://www.11467.com/jiujiang/co/19589.htm
江西支点贸易有限公司,http://www.11467.com/jiujiang/co/26477.htm
昆明柏诚珈铭贸易有限公司,http://www.11467.com/kunming/co/111129.htm
山东省红叶家纺有限公司,http://www.11467.com/laiwu/co/6006.htm
四川回天草木香公司,http://www.11467.com/leshan/co/19552.htm
山东聊城最新秸秆汽化炉有限公司,http://www.11467.com/liaocheng/co/50538.htm
临沂亚森工艺品有限公司,http://www.11467.com/linyi/co/96343.htm
柳州市登宝商务有限公司,http://www.11467.com/liuzhou/co/38995.htm
美纳概念坊文化有限公司,http://www.11467.com/liuzhou/co/42292.htm
华贞日化用品有限公司,http://www.11467.com/luohe/co/16759.htm
洛阳绿洲经济贸易有限公司,http://www.11467.com/luoyang/co/26241.htm
眉山市棕艺鞋业有限公司,http://www.11467.com/meishan/co/13408.htm
南昌益家木业(福建)有限公司,http://www.11467.com/nanchang/co/84316.htm
淮安凤胜家用品有限公司南京分公司,http://www.11467.com/nanjing/co/59542.htm
美邦臣日化用品有限公司,http://www.11467.com/nanjing/co/58619.htm
南京泽腾装饰材料有限公司,http://www.11467.com/nanjing/co/59765.htm
南宁市公益除四害有限公司,http://www.11467.com/nanning/co/60565.htm
南宁华美商货有限责任公司,http://www.11467.com/nanning/co/70439.htm
广西宜尔家工贸有限公司,http://www.11467.com/nanning/co/70382.htm
南宁鼓楼商务服务有限公司,http://www.11467.com/nanning/co/61016.htm
南平市粤闽百货电器有限公司,http://www.11467.com/nanping/co/34734.htm
浦城县昌盛日用品有限公司,http://www.11467.com/nanping/co/34254.htm
南平世纪典彩贸易有限公司,http://www.11467.com/nanping/co/19601.htm
南平市环宇贸易公司,http://www.11467.com/nanping/co/35484.htm
南通黛茜家居用品有限公司,http://www.11467.com/nantong/co/130517.htm
南通艾丝妮纺织品有限公司,http://www.11467.com/nantong/co/123024.htm
南通斯浦林贸易有限公司,http://www.11467.com/nantong/co/81131.htm
南通市锲尔斯国际贸易有限公司,http://www.11467.com/nantong/co/109280.htm
宁波保税区翔烨纺织品有限公司,http://www.11467.com/ningbo/co/76366.htm
宁波奥尼丝磁性软纱门有限公司,http://www.11467.com/ningbo/co/195173.htm
宁波亿太诺有限公司,http://www.11467.com/ningbo/co/76123.htm
浙江易来客国际商贸有限公司,http://www.11467.com/ningbo/co/73687.htm
宁波天使工贸公司,http://www.11467.com/ningbo/co/74506.htm
舒雅塑胶家居用品有限公司,http://www.11467.com/ningbo/co/74362.htm
霞浦县华耀工艺品有限公司,http://www.11467.com/ningde/co/2231.htm
天和外贸有限公司,http://www.11467.com/putian/co/24860.htm
青岛市紫霜商贸股份有限公司,http://www.11467.com/qingdao/co/74872.htm
山东省青岛市起点家居用品公司,http://www.11467.com/qingdao/co/75310.htm
山东天地人商贸公司,http://www.11467.com/qingdao/co/75371.htm
青岛祥和惠民寄卖有限公司,http://www.11467.com/qingdao/co/75403.htm
山东新华锦集团有限公司,http://www.11467.com/qingdao/co/75225.htm
青岛晶晶亮商有限公司,http://www.11467.com/qingdao/co/106486.htm
青岛巨能工贸有限公司,http://www.11467.com/qingdao/co/75432.htm
华达国际商贸有限公司,http://www.11467.com/quanzhou/co/95236.htm
晋江瑞兴鞋业有限公司,http://www.11467.com/quanzhou/co/94790.htm
三明市雅购公司,http://www.11467.com/sanming/co/31482.htm
汕头市佳函日用品有限公司,http://www.11467.com/shantou/co/150998.htm
汕头市新远东实业有限公司,http://www.11467.com/shantou/co/116919.htm
绍兴康韵纺织品有限公司,http://www.11467.com/shaoxing/co/88543.htm
沈阳廉欣家居用品公司,http://www.11467.com/shenyang/co/54376.htm
北京维众家居用品有限公司沈阳分部,http://www.11467.com/shenyang/co/52596.htm
沈阳新鼎贸易有限公司,http://www.11467.com/shenyang/co/54855.htm
百利婴儿用品有限公司,http://www.11467.com/shenzhen/co/616464.htm
伯利实业有限公司,http://www.11467.com/shenzhen/co/615327.htm
保源家具（深圳）有限公司,http://www.11467.com/shenzhen/co/96448.htm
格蓝天贸易有限公司,http://www.11467.com/shenzhen/co/617852.htm
国贤贸易有限公司,http://www.11467.com/shenzhen/co/222437.htm
海洲贸易有限公司,http://www.11467.com/shenzhen/co/254668.htm
汇易积压商品贸易有限公司,http://www.11467.com/shenzhen/co/223095.htm
蓝贝装饰画实业有限公司,http://www.11467.com/shenzhen/co/220762.htm
宏昌家用品有限公司,http://www.11467.com/shenzhen/co/542902.htm
高楷实业有限公司,http://www.11467.com/shenzhen/co/215581.htm
朗皓盈亚洲控股有限公司深圳办事处,http://www.11467.com/shenzhen/co/220669.htm
济源星源瓷业有限公司,http://www.11467.com/shenzhen/co/776332.htm
广东深圳乐威纸品有限公司,http://www.11467.com/shenzhen/co/619263.htm
深圳金侣商贸有限公司,http://www.11467.com/shenzhen/co/222390.htm
米多米皮具公司,http://www.11467.com/shenzhen/co/615486.htm
铭洋工贸（深圳）有限公司,http://www.11467.com/shenzhen/co/617926.htm
深圳聚华辉贸易公司,http://www.11467.com/shenzhen/co/207164.htm
美吉礼品（香港）有限公司,http://www.11467.com/shenzhen/co/219656.htm
深圳盛唐文化传播有限公司陶缘外贸彩绘陶瓷批发分公司,http://www.11467.com/shenzhen/co/783981.htm
深圳爱沃家居用品有限公司,http://www.11467.com/shenzhen/co/154173.htm
三木国际有限公司,http://www.11467.com/shenzhen/co/154044.htm
深圳明达贸易公司,http://www.11467.com/shenzhen/co/220750.htm
深圳市长骏贸易有限公司,http://www.11467.com/shenzhen/co/254989.htm
深圳乐得有限公司,http://www.11467.com/shenzhen/co/211764.htm
深圳瑞迪贸易公司,http://www.11467.com/shenzhen/co/797141.htm
深圳华龙帝升科技有限公司市场部,http://www.11467.com/shenzhen/co/221104.htm
深圳市宝怡日用品有限公司,http://www.11467.com/shenzhen/co/780366.htm
深圳辰诠商贸有限公司,http://www.11467.com/shenzhen/co/225372.htm
深圳东展贸易有限公司,http://www.11467.com/shenzhen/co/154205.htm
深圳芬意美日化有限公司,http://www.11467.com/shenzhen/co/221495.htm
深圳市长骏贸易有限公司(业务部),http://www.11467.com/shenzhen/co/600831.htm
深圳市恒业兴酒店用品公司,http://www.11467.com/shenzhen/co/220769.htm
深圳市贝特雅舍家居用品有限公司,http://www.11467.com/shenzhen/co/152630.htm
精英实业股份有限公司,http://www.11467.com/shenzhen/co/221672.htm
深圳市基为立贸易有限公司-外贸部,http://www.11467.com/shenzhen/co/618650.htm
深圳诚信驸马贸易有限公司,http://www.11467.com/shenzhen/co/219047.htm
深圳市佳美纸业有限公司,http://www.11467.com/shenzhen/co/219173.htm
深圳市龙岗区龙岗勤纺床上用品有限公司,http://www.11467.com/shenzhen/co/619739.htm
深圳市福龙休闲用品有限公司(销售部),http://www.11467.com/shenzhen/co/207781.htm
深圳市欧莱亚家居饰品有限公司,http://www.11467.com/shenzhen/co/223086.htm
深圳市强泰科技有限公司,http://www.11467.com/shenzhen/co/75725.htm
深圳市华美纸业有限公司,http://www.11467.com/shenzhen/co/615318.htm
深圳市鑫茂商贸有限公司,http://www.11467.com/shenzhen/co/208271.htm
深圳市浩源皮具制品有限公司,http://www.11467.com/shenzhen/co/217587.htm
深圳市永祥兴业贸易有限公司（分公司）,http://www.11467.com/shenzhen/co/221851.htm
深圳市赟福礼品有限公司居家礼品部,http://www.11467.com/shenzhen/co/214914.htm
深圳至太电器有限公司,http://www.11467.com/shenzhen/co/220569.htm
深圳陶缘陶瓷有限公司,http://www.11467.com/shenzhen/co/780365.htm
深圳鑫发贸易有限公司,http://www.11467.com/shenzhen/co/615734.htm
武汉市迪能数码有限公司商务部,http://www.11467.com/shenzhen/co/218516.htm
卓科特国际贸易有限公司(深圳)办事处,http://www.11467.com/shenzhen/co/219403.htm
筑家科技有限公司,http://www.11467.com/shenzhen/co/617168.htm
深圳西乐国际贸易公司业务部,http://www.11467.com/shenzhen/co/618569.htm
新诺世无土培植科技有限公司,http://www.11467.com/shenzhen/co/209476.htm
海风国际贸易有限公司,http://www.11467.com/shijiazhuang/co/138819.htm
石家庄泛美科技有限公司市场部,http://www.11467.com/shijiazhuang/co/95821.htm
苏州艾维尔纺织品有限公司,http://www.11467.com/suzhou/co/353156.htm
苏州海力电器有限公司市场部,http://www.11467.com/suzhou/co/212581.htm
苏州元艺家庭用品有限公司,http://www.11467.com/suzhou/co/164932.htm
丽洁日化股份有限责任公司,http://www.11467.com/taiyuan/co/100438.htm
山西新升华工贸有限公司,http://www.11467.com/taiyuan/co/93456.htm
太原市沃拓莱环境科技发展有限公司,http://www.11467.com/taiyuan/co/93402.htm
龙博模具有限公司,http://www.11467.com/taizhou/co/81687.htm
浙江鸿都工贸有限公司,http://www.11467.com/taizhou/co/81240.htm
浙江福来尔公司,http://www.11467.com/taizhou/co/81901.htm
名将时尚家居用品有限公司,http://www.11467.com/weifang/co/120144.htm
鑫艺经贸有限公司,http://www.11467.com/weifang/co/80176.htm
威海特尔顿展示展览器材有限公司,http://www.11467.com/weihai/co/47299.htm
温州市荣美鞋业有限公司,http://www.11467.com/wenzhou/co/32340.htm
美国Vision Overseas清算有限公司,http://www.11467.com/wenzhou/co/128990.htm
加宝日化公司,http://www.11467.com/wenzhou/co/129310.htm
武汉东方乾坤信息技术有限公司,http://www.11467.com/wuhan/co/30663.htm
湖北绿管家环保科技有限公司,http://www.11467.com/wuhan/co/143521.htm
武汉全信贸易公司,http://www.11467.com/wuhan/co/61297.htm
武汉金至信商贸有限公司,http://www.11467.com/wuhan/co/62151.htm
武汉市川朗贸易有限责任公司,http://www.11467.com/wuhan/co/62820.htm
武汉维高科技有限公司,http://www.11467.com/wuhan/co/60826.htm
武汉瀚信物资回收公司 武汉电脑回收 武汉笔记本回收,http://www.11467.com/wuhan/co/143512.htm
菲菲百货公司,http://www.11467.com/wuhan/co/62969.htm
丝宝精细化工（武汉）有限公司,http://www.11467.com/wuhan/co/62930.htm
丝宝精细化工（武汉）有限公司,http://www.11467.com/wuhan/co/62930.htm
明婷科技公司,http://www.11467.com/wuhan/co/63087.htm
酒店餐饮娱乐管理公司,http://www.11467.com/wulumuqi/co/89779.htm
无锡金五星针纺有限公司 （市场部）,http://www.11467.com/wuxi/co/204471.htm
厦门市贵人商贸公司(原厦门市承乾商贸有限公司),http://www.11467.com/xiamen/co/93801.htm
锐毅隆旅游用品有限公司,http://www.11467.com/xiamen/co/32017.htm
厦门乐智贸易有限公司,http://www.11467.com/xiamen/co/8443.htm
厦门应愿商贸有限公司,http://www.11467.com/xiamen/co/95861.htm
厦门鑫丽源工贸有限公司,http://www.11467.com/xiamen/co/31592.htm
厦门天益公司,http://www.11467.com/xiamen/co/32375.htm
厦门市金石登金属有限公司,http://www.11467.com/xiamen/co/95083.htm
陕西诚远商贸有限公司,http://www.11467.com/xian/co/51370.htm
尚唯工艺有限公司,http://www.11467.com/xian/co/78117.htm
横河电机中国有限公司,http://www.11467.com/xian/co/51353.htm
冷冷有限公司,http://www.11467.com/xian/co/54343.htm
西安圣诺礼品贸易有限公司,http://www.11467.com/xian/co/59981.htm
西安千禧家居用品有限公司,http://www.11467.com/xian/co/53965.htm
湖北江山专用车有限责任公司,http://www.11467.com/xiangfan/co/38922.htm
西宁市红矾公司,http://www.11467.com/xining/co/26244.htm
徐州市创洁实业有限公司,http://www.11467.com/xuzhou/co/59037.htm
正大彩木有限公司,http://www.11467.com/yangjiang/co/13239.htm
鸿瑞实业有限公司,http://www.11467.com/yangzhou/co/78158.htm
宜昌裕宏纺织有限责任公司（销售）,http://www.11467.com/yichang/co/43822.htm
方大科技有限公司,http://www.11467.com/yiyang/co/17779.htm
广州盛翔不锈钢制品有限公司,http://www.11467.com/yunfu/co/24326.htm
三三投资有限公司,http://www.11467.com/zhangjiajie/co/8989.htm
上海艾芙迪实业有限公司民用家具部,http://www.11467.com/shanghai/co/1007337.htm
上海沪深贸易有限公司,http://www.11467.com/shanghai/co/312498.htm
上海佳仕利日化有限公司,http://www.11467.com/shanghai/co/312660.htm
上海丽家尚品有限公司,http://www.11467.com/shanghai/co/530229.htm
上海康王日化有限公司,http://www.11467.com/shanghai/co/802101.htm
上海市泰葳日化用品有限公司,http://www.11467.com/shanghai/co/312387.htm
绿箱子网络信息技术（上海）有限公司,http://www.11467.com/shanghai/co/1006026.htm
上海市淮国旧贸易有限公司,http://www.11467.com/shanghai/co/1046896.htm
上海九易居实业有限公司,http://www.11467.com/shanghai/co/734434.htm
上海优品生活时尚家居用品有限公司,http://www.11467.com/shanghai/co/972499.htm
上海昭君酒店纺织用品公司,http://www.11467.com/shanghai/co/734679.htm
心意心仪创意礼品批发有限公司,http://www.11467.com/shanghai/co/972348.htm
上海皓扬日用品有限公司,http://www.11467.com/shanghai/co/1013938.htm
上海浩洋贸易有限公司,http://www.11467.com/shanghai/co/82873.htm
天津东大高盛科技有限公司,http://www.11467.com/tianjin/co/74199.htm
天津市嘉仕良品商贸有限公司,http://www.11467.com/tianjin/co/197073.htm
天津小野纺织品有限公司（国内销售部）,http://www.11467.com/tianjin/co/25756.htm
万亨公司（个体经营）,http://www.11467.com/tianjin/co/6379.htm
重庆昆雪商贸有限公司,http://www.11467.com/chongqing/co/168629.htm
重庆宝图商贸有限公司,http://www.11467.com/chongqing/co/148223.htm
长功商贸有限公司,http://www.11467.com/chongqing/co/148237.htm
重庆市九月九文化传播公司,http://www.11467.com/chongqing/co/51562.htm
重庆信杰手袋有限公司,http://www.11467.com/chongqing/co/99921.htm
上海英贝康母婴用品有限公司,http://www.11467.com/qiye/20992990.htm
上海罗莱家纺有限公司,http://www.11467.com/shanghai/co/1161078.htm
东莞市溢升家庭用品有限公司,http://www.11467.com/qiye/23354330.htm
阳江市阳东区圣明家庭用品有限公司,http://www.11467.com/qiye/28062866.htm
上海榕泰家庭用品有限公司长宁分公司,http://www.11467.com/qiye/28198403.htm
广州聚隆商务有限公司,http://www.11467.com/guangzhou/co/753658.htm
合肥小玩童母婴用品有限公司,http://www.11467.com/qiye/29309918.htm
东至县幼幼乐母婴用品有限公司,http://www.11467.com/qiye/29311154.htm
北京爱幼嘉儿母婴用品有限公司,http://www.11467.com/qiye/29324226.htm
合肥天使之缘母婴用品有限公司,http://www.11467.com/qiye/29327903.htm
合肥诺贝佳母婴用品有限公司,http://www.11467.com/qiye/29334982.htm
合肥福爱坊母婴用品有限公司,http://www.11467.com/qiye/29341156.htm
合肥关于爱母婴用品有限公司,http://www.11467.com/qiye/29355913.htm
北京童年童心母婴用品有限公司,http://www.11467.com/qiye/29375178.htm
合肥潮宝辣妈母婴用品有限公司,http://www.11467.com/qiye/29383137.htm
舒城县凯旋母婴用品有限公司,http://www.11467.com/qiye/29394446.htm
安徽布鲁凯家庭用品有限公司,http://www.11467.com/qiye/29397341.htm
合肥米乐堡母婴用品有限公司,http://www.11467.com/qiye/29446708.htm
宣城市海世界母婴用品有限公司,http://www.11467.com/qiye/29475516.htm
北京优宝乐游母婴用品有限公司,http://www.11467.com/qiye/29477262.htm
滁州小可爱母婴用品有限公司,http://www.11467.com/qiye/29502621.htm
北京乐友达康科技有限公司亚运村母婴用品专营店,http://www.11467.com/qiye/29505489.htm
合肥锦涵母婴用品有限公司,http://www.11467.com/qiye/29520753.htm
合肥上徽母婴用品有限公司,http://www.11467.com/qiye/29523823.htm
北京千喜贝贝母婴用品有限公司,http://www.11467.com/qiye/29535836.htm
合肥奇文母婴用品有限公司,http://www.11467.com/qiye/29555447.htm
安徽金婴贝贝母婴用品有限公司,http://www.11467.com/qiye/29567727.htm
北京乐友达康科技有限公司角门母婴用品专营店,http://www.11467.com/qiye/29573643.htm
界首市美加加母婴用品有限公司,http://www.11467.com/qiye/29580297.htm
北京开心成长母婴用品销售有限责任公司,http://www.11467.com/qiye/29659980.htm
合肥贝倍宠母婴用品有限公司,http://www.11467.com/qiye/29662953.htm
北京好乐酷母婴用品有限公司,http://www.11467.com/qiye/29713927.htm
贝儿扑（北京）母婴用品有限公司,http://www.11467.com/qiye/29735070.htm
北京苏宁红孩子母婴用品有限公司慈云寺桥店,http://www.11467.com/qiye/29756657.htm
阜阳市欣怡宝贝母婴用品销售有限公司蒙城县王集乡分部,http://www.11467.com/qiye/29770898.htm
北京艾米彩宝母婴用品有限责任公司,http://www.11467.com/qiye/29831271.htm
北京花卷儿母婴用品有限公司,http://www.11467.com/qiye/29858061.htm
北京自然之吻母婴用品有限公司,http://www.11467.com/qiye/29861807.htm
北京西施熊母婴用品有限公司,http://www.11467.com/qiye/29862471.htm
舒城县飞天小熊母婴用品有限公司,http://www.11467.com/qiye/29875675.htm
爱围儿（北京）母婴用品有限公司,http://www.11467.com/qiye/29892744.htm
北京太子母婴用品有限公司,http://www.11467.com/qiye/29910522.htm
岳西县天城母婴用品有限公司,http://www.11467.com/qiye/29920285.htm
宿州乐贝母婴用品有限公司,http://www.11467.com/qiye/29933379.htm
北京苏宁红孩子母婴用品有限公司,http://www.11467.com/qiye/29941804.htm
北京惠元盛美母婴用品有限公司,http://www.11467.com/qiye/29949945.htm
阜阳市乐婴坊母婴用品有限公司,http://www.11467.com/qiye/29966251.htm
北京海豚母婴用品有限公司,http://www.11467.com/qiye/29979019.htm
北京贝瓦母婴用品有限公司,http://www.11467.com/qiye/29983472.htm
杭州御丝集家居用品有限公司,http://www.11467.com/qiye/60037330.htm
浙江迅启家庭用品有限公司,http://www.11467.com/qiye/60192863.htm
东莞市阿克新达母婴用品有限公司,http://www.11467.com/qiye/60210234.htm
郑州孕妈乐母婴用品有限公司,http://www.11467.com/qiye/60228888.htm
河南木王家居用品有限公司,http://www.11467.com/qiye/60254143.htm
上海洛隆家居用品有限公司,http://www.11467.com/qiye/60263713.htm
太湖县可爱可亲母婴用品销售有限公司刘畈分公司,http://www.11467.com/qiye/60284727.htm
东莞市德缘家居用品有限公司,http://www.11467.com/qiye/60286139.htm
义乌市彩兰家居用品有限公司,http://www.11467.com/qiye/60296582.htm
佛山市汉洛家居用品有限公司,http://www.11467.com/qiye/60306759.htm
上海赟丹家居用品有限公司,http://www.11467.com/qiye/60316471.htm
济南富安娜家居用品营销有限公司花园西路分公司,http://www.11467.com/qiye/60358293.htm
上海翰景家居用品有限公司,http://www.11467.com/qiye/60387610.htm
上海耆那家居用品有限公司,http://www.11467.com/qiye/60478613.htm
上海罗莱家居用品有限公司漕宝路店,http://www.11467.com/qiye/60503339.htm
上海淘汽堡欣泉母婴用品有限公司,http://www.11467.com/qiye/60512629.htm
东莞市乾丰家居用品有限公司,http://www.11467.com/qiye/60566257.htm
坦郡家居用品（上海）有限公司,http://www.11467.com/qiye/60575369.htm
上海好孩子儿童用品有限公司青岛青山路妈妈好孩子母婴用品店,http://www.11467.com/qiye/60668608.htm
大连爱克美特家居用品有限公司,http://www.11467.com/qiye/60685090.htm
上海卡纱缦丝家居用品有限公司,http://www.11467.com/qiye/60715994.htm
常州维恩家居用品有限公司,http://www.11467.com/qiye/60733312.htm
连云港嘉欧家居用品有限公司栖霞路分公司,http://www.11467.com/qiye/60746234.htm
连云港嘉欧家居用品有限公司中华路分公司,http://www.11467.com/qiye/60746235.htm
连云港嘉欧家居用品有限公司陇海中路分公司,http://www.11467.com/qiye/60746236.htm
连云港嘉欧家居用品有限公司陇海东路第一分公司,http://www.11467.com/qiye/60746237.htm
连云港嘉欧家居用品有限公司解放路第一分公司,http://www.11467.com/qiye/60746238.htm
连云港嘉欧家居用品有限公司陇海东路第二分公司,http://www.11467.com/qiye/60746239.htm
台州市路桥区仙庭家居用品有限公司,http://www.11467.com/qiye/60753330.htm
上海意海庭家居用品有限公司,http://www.11467.com/qiye/60786755.htm
上海易轩家居用品有限公司,http://www.11467.com/qiye/60798848.htm
昱荟（上海）家居用品有限公司,http://www.11467.com/qiye/60823714.htm
厨尚家居用品贸易（上海）有限公司徐汇分公司,http://www.11467.com/qiye/60825196.htm
安徽星洋光母婴用品有限责任公司,http://www.11467.com/qiye/60829935.htm
上海本思母婴用品有限公司,http://www.11467.com/qiye/60840040.htm
上海靓峰母婴用品有限公司,http://www.11467.com/qiye/60879342.htm
绍兴市惠利家居用品有限公司,http://www.11467.com/qiye/60884480.htm
上海越璨家居用品有限公司,http://www.11467.com/qiye/60895793.htm
澳明（上海）家居用品有限公司,http://www.11467.com/qiye/60911991.htm
上海撒母耳家居用品有限公司,http://www.11467.com/qiye/60917769.htm
广州市博乐家居用品有限公司,http://www.11467.com/qiye/60922897.htm
洛阳婴唯爱母婴用品有限公司,http://www.11467.com/qiye/60942303.htm
上海艺夏家居用品有限公司,http://www.11467.com/qiye/60943624.htm
深圳恩邦母婴用品有限公司,http://www.11467.com/qiye/60965991.htm
山西妈妈咪娅母婴用品有限公司,http://www.11467.com/qiye/60988502.htm
福建安溪潮流家居用品有限公司,http://www.11467.com/qiye/61031344.htm
台州环高家居用品有限公司,http://www.11467.com/qiye/61037745.htm
临沂喜盈润家居用品有限公司,http://www.11467.com/qiye/61074761.htm
上海康杜家居用品有限公司,http://www.11467.com/qiye/61079351.htm
上海春臣母婴用品有限公司,http://www.11467.com/qiye/61119104.htm
上海览图家居用品有限公司,http://www.11467.com/qiye/61159854.htm
瑞安市狄曼家居用品有限公司,http://www.11467.com/qiye/61201104.htm
上海舒勉家居用品有限公司,http://www.11467.com/qiye/61214191.htm
山东阳光宝贝母婴用品有限公司烟台芝罘南山路店,http://www.11467.com/qiye/61263466.htm
永康市帅尔家居用品有限公司,http://www.11467.com/qiye/61305188.htm
上海帅智母婴用品有限公司,http://www.11467.com/qiye/61393606.htm
科德宝家居用品（宁波）有限公司,http://www.11467.com/qiye/61400104.htm
江苏贝贝熊母婴用品有限公司常州湖塘星河店,http://www.11467.com/qiye/61449678.htm
廊坊聚耀家居用品有限公司,http://www.11467.com/qiye/61494522.htm
合肥多比汇众母婴用品有限公司,http://www.11467.com/qiye/61534997.htm
广东美特家家居用品有限公司,http://www.11467.com/qiye/61542129.htm
福州居上品家居用品有限公司,http://www.11467.com/qiye/61560688.htm
虞城能臣家居用品有限公司,http://www.11467.com/qiye/61584649.htm
上海乐喔家居用品有限公司,http://www.11467.com/qiye/61596714.htm
徐州益品家家居用品有限公司,http://www.11467.com/qiye/61597697.htm
绍兴丽馥家居用品有限公司,http://www.11467.com/qiye/61600180.htm
抚州市大掌柜家居用品有限公司,http://www.11467.com/qiye/61633447.htm
东莞市文轩家居用品有限公司,http://www.11467.com/qiye/61638912.htm
上海睦尚家居用品有限公司,http://www.11467.com/qiye/61641447.htm
上海尚强家居用品有限公司,http://www.11467.com/qiye/61641448.htm
永康市卡芙家居用品有限公司,http://www.11467.com/qiye/61677646.htm
山东阳光宝贝母婴用品有限公司烟台芝罘锦绣广场店,http://www.11467.com/qiye/61749147.htm
宁波市鄞州富诚鑫家居用品有限公司,http://www.11467.com/qiye/61751504.htm
深圳市美佳馨家居用品有限公司,http://www.11467.com/qiye/61758088.htm
罗福宫国际家居用品南通有限公司,http://www.11467.com/qiye/61819025.htm
上海本彩家居用品有限公司,http://www.11467.com/qiye/61822750.htm
台州维梦家居用品有限公司,http://www.11467.com/qiye/61824592.htm
上海兰叙家居用品有限公司,http://www.11467.com/qiye/61826092.htm
瀚庭（上海）家居用品有限公司,http://www.11467.com/qiye/61855777.htm
山东阳光宝贝母婴用品有限公司烟台芝罘文化路店,http://www.11467.com/qiye/61978796.htm
苏州禾派家居用品有限公司,http://www.11467.com/qiye/61993174.htm
深圳市心意达家居用品有限责任公司,http://www.11467.com/qiye/61995359.htm
上海晶晨母婴用品有限公司,http://www.11467.com/qiye/62030557.htm
义乌市奥曼家居用品有限公司,http://www.11467.com/qiye/62038045.htm
郑州宣瑟家居用品有限公司,http://www.11467.com/qiye/62095831.htm
金华曼尼母婴用品有限公司,http://www.11467.com/qiye/62096038.htm
广州奥可家居用品有限公司,http://www.11467.com/qiye/62107563.htm
广州市盟尊家居用品有限公司,http://www.11467.com/qiye/62107722.htm
深圳市富安娜家居用品营销有限公司西满分公司,http://www.11467.com/qiye/62113152.htm
苏州佳茂隆家居用品有限公司,http://www.11467.com/qiye/62118277.htm
北京乐友达康商贸有限公司中关村南大街母婴用品专营店,http://www.11467.com/qiye/62118301.htm
广州舒氏坊母婴用品有限公司,http://www.11467.com/qiye/62120999.htm
北京竹字头家居用品有限公司,http://www.11467.com/qiye/62149280.htm
上海上儿母婴用品有限公司,http://www.11467.com/qiye/62152869.htm
北京梦百合家居用品有限公司,http://www.11467.com/qiye/62192633.htm
深圳市宏典家居用品有限公司,http://www.11467.com/qiye/62194642.htm
深圳市宏图家居用品有限公司,http://www.11467.com/qiye/62206029.htm
江西贝贝熊母婴用品有限公司红谷滩店,http://www.11467.com/qiye/62212678.htm
天天加分母婴用品商贸（上海）有限公司,http://www.11467.com/qiye/62268270.htm
上海迪硕母婴用品有限公司,http://www.11467.com/qiye/62302700.htm
青岛质子母婴用品有限公司,http://www.11467.com/qiye/62319260.htm
青岛海童母婴用品有限公司,http://www.11467.com/qiye/62319261.htm
合肥耀拓母婴用品有限公司,http://www.11467.com/qiye/62380797.htm
天津昌爵家居用品贸易有限公司,http://www.11467.com/qiye/62464880.htm
郑州幻彩家居用品有限公司,http://www.11467.com/qiye/62516553.htm
义乌市良贝母婴用品有限公司,http://www.11467.com/qiye/62536530.htm
上海福垒家居用品有限公司,http://www.11467.com/qiye/62570615.htm
上海鑫衡家居用品有限公司,http://www.11467.com/qiye/62586431.htm
绍兴上虞佳妮家居用品有限公司,http://www.11467.com/qiye/62600998.htm
成都晓明母婴用品有限责任公司,http://www.11467.com/qiye/62703241.htm
无锡韵味居智能家居用品有限公司,http://www.11467.com/qiye/62716042.htm
重庆贝来乐母婴用品有限公司,http://www.11467.com/qiye/62764152.htm
桐庐荣凯家居用品有限公司,http://www.11467.com/qiye/62804552.htm
上海斯咏家居用品有限公司,http://www.11467.com/qiye/62810453.htm
昆山壹公里家居用品有限公司,http://www.11467.com/qiye/62841643.htm
上海迈时家居用品有限公司,http://www.11467.com/qiye/62844709.htm
广州俏夫人家居用品有限公司,http://www.11467.com/qiye/62887385.htm
杭州熙可家居用品有限公司,http://www.11467.com/qiye/62910237.htm
莆田市好宝宝母婴用品有限公司,http://www.11467.com/qiye/62924553.htm
武汉高昌母婴用品有限公司,http://www.11467.com/qiye/62937998.htm
东莞市七点家居用品有限公司,http://www.11467.com/qiye/63002189.htm
浙江庭乐家居用品有限公司,http://www.11467.com/qiye/63029178.htm
漫厨馆创意家居用品（深圳）有限公司,http://www.11467.com/qiye/63042034.htm
宜昌小花伞母婴用品贸易有限公司,http://www.11467.com/qiye/63097470.htm
上海箐护母婴用品有限公司,http://www.11467.com/qiye/63149168.htm
广州市福器堂家居用品有限公司,http://www.11467.com/qiye/63193965.htm
深圳市嘉瑶智能家居用品有限公司,http://www.11467.com/qiye/63210864.htm
台州市洛峰母婴用品有限公司,http://www.11467.com/qiye/63222173.htm
上海细熊仔母婴用品有限公司,http://www.11467.com/qiye/63223351.htm
荆门市尚宜家居用品有限公司,http://www.11467.com/qiye/63247116.htm
福建优乐笔母婴用品有限公司,http://www.11467.com/qiye/63252932.htm
上海靓点家居用品有限公司,http://www.11467.com/qiye/63320103.htm
上海泰颐家居用品有限公司,http://www.11467.com/qiye/63321915.htm
杭州富维馨家居用品营销有限公司西湖区分公司,http://www.11467.com/qiye/63327289.htm
上饶市咿呀呀母婴用品有限公司,http://www.11467.com/qiye/63341622.htm
上海美著家居用品有限公司,http://www.11467.com/qiye/63403673.htm
江门市合盈家居用品有限公司,http://www.11467.com/qiye/63424734.htm
山东阳光宝贝母婴用品有限公司烟台芝罘毓璜顶店,http://www.11467.com/qiye/63431049.htm
丰城市贝优母婴用品有限公司,http://www.11467.com/qiye/63433050.htm
上海众臣家居用品有限公司,http://www.11467.com/qiye/63451905.htm
潮州市潮安区宅家宝贝母婴用品有限公司,http://www.11467.com/qiye/63453969.htm
义乌市琅康家居用品有限公司,http://www.11467.com/qiye/63465061.htm
佛山市今品家居用品有限公司,http://www.11467.com/qiye/63533931.htm
西安亲亲袋鼠母婴用品科技有限公司,http://www.11467.com/qiye/63558889.htm
温州巴塔木母婴用品有限公司,http://www.11467.com/qiye/63566701.htm
南京莱福艺家家居用品有限公司,http://www.11467.com/qiye/63579261.htm
东莞市美敦力加母婴用品科技有限公司,http://www.11467.com/qiye/63595940.htm
济南富安娜家居用品营销有限公司山大路分公司,http://www.11467.com/qiye/63597475.htm
湘潭市增吉家居用品有限公司,http://www.11467.com/qiye/63676181.htm
上海译晨家居用品有限公司,http://www.11467.com/qiye/63762833.htm
江苏千升家居用品有限公司,http://www.11467.com/qiye/63782987.htm
苏州艺澳升家居用品有限公司,http://www.11467.com/qiye/63782990.htm
邵武市金文家居用品有限公司,http://www.11467.com/qiye/63824992.htm
上海智造空间家居用品有限公司罗芬路店,http://www.11467.com/qiye/63872689.htm
上海尚英母婴用品有限公司,http://www.11467.com/qiye/63926630.htm
昌乐陈长伟家居用品有限公司,http://www.11467.com/qiye/64026532.htm
永康市风之彩家居用品有限公司,http://www.11467.com/qiye/64108414.htm
嘉兴美赛家居用品有限公司,http://www.11467.com/qiye/64108652.htm
台州市全纳家居用品有限公司,http://www.11467.com/qiye/64117138.htm
桂林荔浦凯莱达家居用品有限公司,http://www.11467.com/qiye/64182160.htm
上海永睿母婴用品有限公司,http://www.11467.com/qiye/64183663.htm
义乌圣凡家居用品有限公司,http://www.11467.com/qiye/64185793.htm
深圳市凯瑞斯家居用品有限公司,http://www.11467.com/qiye/64233200.htm
福建金枪王家居用品有限公司,http://www.11467.com/qiye/64281538.htm
苏州瑞固捷德家居用品有限公司,http://www.11467.com/qiye/64300226.htm
永康市任任家居用品有限公司,http://www.11467.com/qiye/64337788.htm
临沂市爱麟母婴用品有限公司,http://www.11467.com/qiye/64345005.htm
上海寐尚家居用品有限公司,http://www.11467.com/qiye/64377565.htm
台州市黄岩好易家居用品有限公司,http://www.11467.com/qiye/64419709.htm
宁波宁海周周母婴用品有限公司,http://www.11467.com/qiye/64426956.htm
江苏荣依德家居用品有限公司,http://www.11467.com/qiye/64448434.htm
宁波市鄞州普林汀家居用品有限公司,http://www.11467.com/qiye/64482751.htm
广州市领浪家居用品有限公司,http://www.11467.com/qiye/64493490.htm
上海莜洁母婴用品有限公司,http://www.11467.com/qiye/64498276.htm
桐乡市梦享家居用品有限公司,http://www.11467.com/qiye/64512546.htm
惜颜家居用品（上海）有限公司,http://www.11467.com/qiye/64551534.htm
上海奉熊家居用品有限公司,http://www.11467.com/qiye/64588041.htm
上海奉裕家居用品有限公司,http://www.11467.com/qiye/64588042.htm
安吉竹马家居用品贸易有限公司,http://www.11467.com/qiye/64712193.htm
深圳市溢美居家庭用品有限公司,http://www.11467.com/qiye/64765791.htm
上海东日服饰家居用品有限公司,http://www.11467.com/qiye/64769489.htm
江西惠民家居用品有限公司,http://www.11467.com/qiye/64780589.htm
广东龙士达家居用品有限公司,http://www.11467.com/qiye/64818076.htm
上海垚禄家居用品有限公司,http://www.11467.com/qiye/64950554.htm
厦门贝华母婴用品有限公司,http://www.11467.com/qiye/64961582.htm
江山市艾格母婴用品有限公司,http://www.11467.com/qiye/64984513.htm
河南三原色家居用品有限公司,http://www.11467.com/qiye/65006140.htm
广州市欧霖聚家居用品有限公司,http://www.11467.com/qiye/65017913.htm
广州诺仑美家居用品有限公司,http://www.11467.com/qiye/65026439.htm
绍兴金盈家居用品有限公司,http://www.11467.com/qiye/65026838.htm
南京琪帕家居用品有限公司,http://www.11467.com/qiye/65042711.htm
上海术锦家居用品有限公司,http://www.11467.com/qiye/65059726.htm
上海杜梅家居用品有限公司,http://www.11467.com/qiye/65075372.htm
安溪县肥晟家居用品有限公司,http://www.11467.com/qiye/65085903.htm
合肥赟贝母婴用品电子商务有限公司,http://www.11467.com/qiye/65106060.htm
上海传趣家居用品有限公司,http://www.11467.com/qiye/65117008.htm
上海启振家居用品有限公司,http://www.11467.com/qiye/65120637.htm
杭州贝芙丽家居用品有限公司,http://www.11467.com/qiye/65150318.htm
常州苏宁红孩子母婴用品有限公司,http://www.11467.com/qiye/65167169.htm
毓德家居用品（上海）有限公司,http://www.11467.com/qiye/65322960.htm
泉州市闽传家居用品有限公司,http://www.11467.com/qiye/65343285.htm
深圳市福乐母婴用品有限公司,http://www.11467.com/qiye/65425315.htm
上海迎爱母婴用品有限公司,http://www.11467.com/qiye/65453002.htm
合肥林曼家居用品有限公司,http://www.11467.com/qiye/65464887.htm
浙江芳迪家居用品有限公司,http://www.11467.com/qiye/65470646.htm
北京吉福特众成家居用品有限公司,http://www.11467.com/qiye/65504227.htm
青岛美合美家居用品有限公司,http://www.11467.com/qiye/65529196.htm
上海杜梅家居用品有限公司临御路分公司,http://www.11467.com/qiye/65537830.htm
义乌玖沐家居用品有限公司,http://www.11467.com/qiye/65561354.htm
上海朵芮雅家居用品有限公司,http://www.11467.com/qiye/65561997.htm
广州市浩美家居用品有限公司,http://www.11467.com/qiye/65617330.htm
天津瑞柠家居用品贸易有限公司,http://www.11467.com/qiye/65666276.htm
宁波黄古林母婴用品有限公司,http://www.11467.com/qiye/65677223.htm
永康市懿翔家居用品有限公司,http://www.11467.com/qiye/65677700.htm
上海易度家居用品有限公司,http://www.11467.com/qiye/65678722.htm
东莞市普瑞家居用品有限公司,http://www.11467.com/qiye/65678830.htm
蓝爱母婴用品（深圳）有限公司,http://www.11467.com/qiye/65688796.htm
山东阳光宝贝母婴用品有限公司烟台芝罘幸芝里路店,http://www.11467.com/qiye/65696814.htm
南通朗彩家居用品有限公司,http://www.11467.com/qiye/65703305.htm
长兴国海家居用品有限公司,http://www.11467.com/qiye/65735933.htm
威海阳光宝贝母婴用品有限公司乳山市商贸城店,http://www.11467.com/qiye/65804626.htm
佛山市南海三泽家居用品有限公司,http://www.11467.com/qiye/65820311.htm
广东顺德萱威威廉姆斯家居用品有限公司,http://www.11467.com/qiye/65887271.htm
深圳市铭陶家居用品有限公司,http://www.11467.com/qiye/65897315.htm
悉艺（上海）家居用品有限公司,http://www.11467.com/qiye/65936137.htm
上海幼欣母婴用品有限公司,http://www.11467.com/qiye/65938711.htm
上海畅御家居用品有限公司,http://www.11467.com/qiye/65997432.htm
青岛卓尚金家居用品有限公司,http://www.11467.com/qiye/66025635.htm
绍兴市环越家居用品有限公司,http://www.11467.com/qiye/66051231.htm
上海慕欣家居用品有限公司,http://www.11467.com/qiye/66112772.htm
苏州旺系智能家居用品有限公司,http://www.11467.com/qiye/66152720.htm
烟台爱飞乐母婴用品有限公司,http://www.11467.com/qiye/66153713.htm
广州市富安娜家居用品销售有限公司滨江分公司,http://www.11467.com/qiye/66173669.htm
浙江清清美家居用品有限公司,http://www.11467.com/qiye/66181645.htm
北京智造空间家居用品有限公司东城建国门内大街店,http://www.11467.com/qiye/90299587.htm
北京无忧宝宝母婴用品发展有限公司第二分公司,http://www.11467.com/qiye/90300299.htm
北京海福莱尔家居用品有限责任公司,http://www.11467.com/qiye/90302303.htm
北京嘉蓝广美家居用品有限公司天津南开一店,http://www.11467.com/qiye/90305115.htm
潮州市潮安区盛利源家居用品有限公司,http://www.11467.com/qiye/90313723.htm
利辛县创新家居用品有限责任公司,http://www.11467.com/qiye/90315994.htm
宁波典格家居用品有限公司,http://www.11467.com/qiye/90323638.htm
汉中健康宝贝母婴用品有限公司,http://www.11467.com/qiye/90336232.htm
扬州市健康家园舒适家居用品有限公司,http://www.11467.com/qiye/90336271.htm
青岛正信泰家居用品有限公司,http://www.11467.com/qiye/90338046.htm
保定帕蕾迪家居用品有限公司,http://www.11467.com/qiye/90339348.htm
佛山市顺德区雅时家居用品有限公司,http://www.11467.com/qiye/90344647.htm
佛山市顺德区乐从镇名丰贸易有限公司优力克家居用品分公司,http://www.11467.com/qiye/90344696.htm
佛山市顺德区梵克雅宝家居用品有限公司北滘分公司,http://www.11467.com/qiye/90344888.htm
佛山市孚日家居用品有限公司花园分公司,http://www.11467.com/qiye/90347959.htm
佛山市孚日家居用品有限公司,http://www.11467.com/qiye/90347960.htm
佛山市尚煌庭家居用品有限公司,http://www.11467.com/qiye/90349681.htm
佛山市博诺斯家居用品有限公司,http://www.11467.com/qiye/90350391.htm
江西省柚米家居用品有限公司,http://www.11467.com/qiye/90350915.htm
余姚市尚葆家居用品有限公司,http://www.11467.com/qiye/90352575.htm
威海亲亲宝贝母婴用品有限公司,http://www.11467.com/qiye/90361444.htm
义乌市满谦家居用品有限公司,http://www.11467.com/qiye/90370121.htm
东莞一朗家居用品有限公司,http://www.11467.com/qiye/90373831.htm
东莞市麦纳家居用品有限公司,http://www.11467.com/qiye/90375189.htm
东莞市和谐生活家居用品有限公司,http://www.11467.com/qiye/90376021.htm
山东科尚家居用品有限公司,http://www.11467.com/qiye/90379738.htm
金华市嘟贝母婴用品有限公司,http://www.11467.com/qiye/90381196.htm
济南得梦轩家居用品有限公司,http://www.11467.com/qiye/90385361.htm
亿翔家居用品(深圳)有限公司,http://www.11467.com/qiye/90390317.htm
达州市理想家庭用品有限责任公司第三经营部,http://www.11467.com/qiye/90393590.htm
达州市理想家庭用品有限责任公司二经营部,http://www.11467.com/qiye/90393591.htm
